                 0.000000                     15.715986
                 0.031416                     19.057934
                 0.062832                     28.045976
                 0.094248                     37.312791
                 0.125664                     34.975238
                 0.157080                     31.993204
                 0.188496                     39.176473
                 0.219911                     62.180197
                 0.251327                     61.478090
                 0.282743                     64.528995
                 0.314159                     81.539983
                 0.345575                     80.266177
                 0.376991                     82.758769
                 0.408407                     81.776173
                 0.439823                     99.647317
                 0.471239                     92.340375
                 0.502655                    105.241410
                 0.534071                    104.538138
                 0.565487                    109.680706
                 0.596903                    113.442587
                 0.628319                    127.750429
                 0.659734                    127.289306
                 0.691150                    132.677322
                 0.722566                    133.131104
                 0.753982                    149.512803
                 0.785398                    145.542677
                 0.816814                    162.087934
                 0.848230                    160.536719
                 0.879646                    160.632429
                 0.911062                    162.548086
                 0.942478                    164.199606
                 0.973894                    179.691695
                 1.005310                    174.514329
                 1.036726                    172.378807
                 1.068142                    184.980792
                 1.099557                    185.584257
                 1.130973                    196.644799
                 1.162389                    200.704080
                 1.193805                    196.801044
                 1.225221                    205.798345
                 1.256637                    204.258155
                 1.288053                    197.639919
                 1.319469                    197.250107
                 1.350885                    213.292657
                 1.382301                    209.589451
                 1.413717                    216.456686
                 1.445133                    209.805927
                 1.476549                    207.443027
                 1.507964                    208.716233
                 1.539380                    219.474853
                 1.570796                    211.241355
                 1.602212                    203.848193
                 1.633628                    203.124091
                 1.665044                    215.021651
                 1.696460                    209.466112
                 1.727876                    213.137952
                 1.759292                    213.496440
                 1.790708                    199.528474
                 1.822124                    206.402476
                 1.853540                    206.419061
                 1.884956                    197.582517
                 1.916372                    189.793213
                 1.947787                    202.681470
                 1.979203                    193.705363
                 2.010619                    198.972220
                 2.042035                    190.020019
                 2.073451                    183.513247
                 2.104867                    173.847637
                 2.136283                    186.227870
                 2.167699                    180.185920
                 2.199115                    166.142462
                 2.230531                    161.867652
                 2.261947                    158.991297
                 2.293363                    161.047457
                 2.324779                    157.730304
                 2.356194                    156.745935
                 2.387610                    141.140878
                 2.419026                    143.638606
                 2.450442                    143.784312
                 2.481858                    128.170905
                 2.513274                    122.329094
                 2.544690                    127.729534
                 2.576106                    112.691954
                 2.607522                    117.034479
                 2.638938                    111.985089
                 2.670354                     92.294562
                 2.701770                    101.570373
                 2.733186                     79.916346
                 2.764602                     91.128257
                 2.796017                     78.053635
                 2.827433                     76.650586
                 2.858849                     67.257737
                 2.890265                     69.684183
                 2.921681                     44.915786
                 2.953097                     49.639587
                 2.984513                     39.413682
                 3.015929                     41.907485
                 3.047345                     23.766097
                 3.078761                     27.675047
                 3.110177                     10.334016
                 3.141593                     19.747478
                 3.173009                      4.066527
                 3.204425                    -11.260825
                 3.235840                     -6.589602
                 3.267256                    -18.167256
                 3.298672                    -20.638683
                 3.330088                    -30.466362
                 3.361504                    -29.808586
                 3.392920                    -40.082786
                 3.424336                    -49.067206
                 3.455752                    -42.709840
                 3.487168                    -52.850660
                 3.518584                    -59.961668
                 3.550000                    -64.119285
                 3.581416                    -84.752737
                 3.612832                    -80.252268
                 3.644247                    -94.220094
                 3.675663                    -85.397121
                 3.707079                   -103.180874
                 3.738495                   -101.223890
                 3.769911                   -110.069223
                 3.801327                   -105.671749
                 3.832743                   -118.770032
                 3.864159                   -115.641440
                 3.895575                   -125.512897
                 3.926991                   -124.676108
                 3.958407                   -136.013387
                 3.989823                   -146.704514
                 4.021239                   -146.551288
                 4.052655                   -155.295101
                 4.084070                   -152.108648
                 4.115486                   -158.344601
                 4.146902                   -162.076376
                 4.178318                   -157.020266
                 4.209734                   -168.125360
                 4.241150                   -172.590379
                 4.272566                   -172.830173
                 4.303982                   -174.984096
                 4.335398                   -175.558032
                 4.366814                   -183.826755
                 4.398230                   -173.277630
                 4.429646                   -191.686614
                 4.461062                   -190.099867
                 4.492477                   -177.463746
                 4.523893                   -192.798688
                 4.555309                   -187.843037
                 4.586725                   -188.139266
                 4.618141                   -180.995438
                 4.649557                   -186.085337
                 4.680973                   -185.740349
                 4.712389                   -181.713245
                 4.743805                   -195.211720
                 4.775221                   -180.679450
                 4.806637                   -193.837279
                 4.838053                   -193.764700
                 4.869469                   -184.968554
                 4.900885                   -182.193866
                 4.932300                   -186.477055
                 4.963716                   -177.658587
                 4.995132                   -188.579464
                 5.026548                   -172.222142
                 5.057964                   -181.781830
                 5.089380                   -179.050810
                 5.120796                   -173.585336
                 5.152212                   -179.720055
                 5.183628                   -162.649095
                 5.215044                   -166.430348
                 5.246460                   -169.139022
                 5.277876                   -152.182675
                 5.309292                   -154.352787
                 5.340708                   -160.234086
                 5.372123                   -147.579109
                 5.403539                   -151.852529
                 5.434955                   -147.972242
                 5.466371                   -133.094068
                 5.497787                   -135.865401
                 5.529203                   -125.132783
                 5.560619                   -115.058261
                 5.592035                   -115.301518
                 5.623451                   -107.612224
                 5.654867                   -108.389413
                 5.686283                    -94.804023
                 5.717699                    -90.943801
                 5.749115                   -101.116458
                 5.780530                    -77.320208
                 5.811946                    -72.700388
                 5.843362                    -78.263570
                 5.874778                    -67.043453
                 5.906194                    -54.800499
                 5.937610                    -61.887665
                 5.969026                    -47.082268
                 6.000442                    -39.655681
                 6.031858                    -31.816899
                 6.063274                    -29.221626
                 6.094690                    -19.332720
                 6.126106                    -21.988419
                 6.157522                    -11.515010
                 6.188938                    -11.319311
                 6.220353                     -4.442893
                 6.251769                     -2.541329
                 6.283185                     13.403515
                 6.314601                     23.651698
                 6.346017                     22.154745
                 6.377433                     21.901378
                 6.408849                     31.356793
                 6.440265                     32.334463
                 6.471681                     56.218675
                 6.503097                     57.903105
                 6.534513                     66.050082
                 6.565929                     70.700227
                 6.597345                     78.105080
                 6.628760                     74.822711
                 6.660176                     87.413002
                 6.691592                     89.071263
                 6.723008                     94.176533
                 6.754424                     94.007164
                 6.785840                    104.894363
                 6.817256                    103.298547
                 6.848672                    110.487182
                 6.880088                    119.156686
                 6.911504                    120.933702
                 6.942920                    141.400857
                 6.974336                    139.398668
                 7.005752                    148.914079
                 7.037168                    140.289557
                 7.068583                    145.741847
                 7.099999                    148.735826
                 7.131415                    154.665401
                 7.162831                    167.505780
                 7.194247                    177.673468
                 7.225663                    163.757152
                 7.257079                    173.829643
                 7.288495                    171.620386
                 7.319911                    183.056223
                 7.351327                    193.046938
                 7.382743                    196.739589
                 7.414159                    187.762251
                 7.445575                    190.458682
                 7.476991                    191.059665
                 7.508406                    204.250847
                 7.539822                    193.101746
                 7.571238                    198.616777
                 7.602654                    201.857876
                 7.634070                    197.083320
                 7.665486                    215.431636
                 7.696902                    206.173737
                 7.728318                    211.785849
                 7.759734                    206.289439
                 7.791150                    211.245196
                 7.822566                    209.797835
                 7.853982                    201.193965
                 7.885398                    213.742524
                 7.916813                    205.416134
                 7.948229                    205.606279
                 7.979645                    201.703391
                 8.011061                    200.893639
                 8.042477                    215.793193
                 8.073893                    199.225096
                 8.105309                    204.238352
                 8.136725                    196.662297
                 8.168141                    208.118170
                 8.199557                    203.219672
                 8.230973                    197.751180
                 8.262389                    192.153769
                 8.293805                    193.263273
                 8.325221                    191.743039
                 8.356636                    181.956149
                 8.388052                    186.022130
                 8.419468                    182.788352
                 8.450884                    168.357462
                 8.482300                    164.144667
                 8.513716                    171.538316
                 8.545132                    173.981499
                 8.576548                    162.865717
                 8.607964                    156.201037
                 8.639380                    147.028381
                 8.670796                    142.086362
                 8.702212                    134.204624
                 8.733628                    140.951026
                 8.765044                    134.149627
                 8.796459                    117.737933
                 8.827875                    122.796788
                 8.859291                    115.299437
                 8.890707                    115.317875
                 8.922123                    109.242964
                 8.953539                     96.629629
                 8.984955                     93.382164
                 9.016371                     88.261377
                 9.047787                     87.030402
                 9.079203                     85.625601
                 9.110619                     62.919133
                 9.142035                     69.481642
                 9.173451                     60.758318
                 9.204866                     50.579569
                 9.236282                     49.121657
                 9.267698                     38.592909
                 9.299114                     29.332044
                 9.330530                     35.388506
                 9.361946                     30.684521
                 9.393362                     10.997627
                 9.424778                     17.478578
                 9.456194                     -2.986319
                 9.487610                      1.608213
                 9.519026                     -7.365158
                 9.550442                    -10.565325
                 9.581858                    -28.558465
                 9.613274                    -27.887543
                 9.644689                    -32.168834
                 9.676105                    -38.958692
                 9.707521                    -43.922456
                 9.738937                    -56.121269
                 9.770353                    -61.972851
                 9.801769                    -64.050225
                 9.833185                    -63.282268
                 9.864601                    -67.680523
                 9.896017                    -81.842634
                 9.927433                    -94.987490
                 9.958849                    -95.535219
                 9.990265                   -103.095312
                10.021681                    -93.524913
                10.053096                   -105.383127
                10.084512                   -108.196280
                10.115928                   -115.004570
                10.147344                   -125.315160
                10.178760                   -135.804912
                10.210176                   -124.491725
                10.241592                   -138.210976
                10.273008                   -144.995769
                10.304424                   -137.978239
                10.335840                   -153.089593
                10.367256                   -161.563848
                10.398672                   -157.699610
                10.430088                   -148.872335
                10.461504                   -171.346796
                10.492919                   -159.560760
                10.524335                   -158.814953
                10.555751                   -165.747096
                10.587167                   -166.320409
                10.618583                   -170.805060
                10.649999                   -182.499966
                10.681415                   -185.481566
                10.712831                   -175.726537
                10.744247                   -190.194065
                10.775663                   -181.108115
                10.807079                   -176.529571
                10.838495                   -195.217198
                10.869911                   -195.124186
                10.901327                   -192.135405
                10.932742                   -199.006232
                10.964158                   -180.451663
                10.995574                   -196.302601
                11.026990                   -189.797484
                11.058406                   -181.463292
                11.089822                   -181.980571
                11.121238                   -191.622915
                11.152654                   -186.790553
                11.184070                   -184.037863
                11.215486                   -179.877945
                11.246902                   -186.413729
                11.278318                   -191.885304
                11.309734                   -178.186755
                11.341149                   -169.638414
                11.372565                   -168.244974
                11.403981                   -164.907427
                11.435397                   -165.558067
                11.466813                   -169.660251
                11.498229                   -167.838141
                11.529645                   -164.674884
                11.561061                   -149.089932
                11.592477                   -156.783400
                11.623893                   -149.474915
                11.655309                   -154.698594
                11.686725                   -143.154731
                11.718141                   -135.417944
                11.749557                   -141.119493
                11.780972                   -136.849652
                11.812388                   -133.137645
                11.843804                   -116.363165
                11.875220                   -123.108649
                11.906636                   -105.109284
                11.938052                   -115.535026
                11.969468                   -105.950969
                12.000884                   -107.131099
                12.032300                    -99.780361
                12.063716                    -76.573986
                12.095132                    -76.353129
                12.126548                    -81.840921
                12.157964                    -76.865124
                12.189379                    -69.434924
                12.220795                    -66.952632
                12.252211                    -61.627202
                12.283627                    -44.253247
                12.315043                    -49.202562
                12.346459                    -42.397813
                12.377875                    -31.317281
                12.409291                    -29.489315
                12.440707                     -7.454567
                12.472123                    -15.507766
                12.503539                     -3.023717
                12.534955                      5.744901
                12.566371                     17.105791
