             0.0000000000                  9.8996039327
             0.0314159265                 16.1745843858
             0.0628318531                 22.4433721907
             0.0942477796                 28.6997808108
             0.1256637061                 34.9376359260
             0.1570796327                 41.1507815266
             0.1884955592                 47.3330859879
             0.2199114858                 53.4784481218
             0.2513274123                 59.5808031978
             0.2827433388                 65.6341289283
             0.3141592654                 71.6324514114
             0.3455751919                 77.5698510272
             0.3769911184                 83.4404682791
             0.4084070450                 89.2385095765
             0.4398229715                 94.9582529528
             0.4712388980                100.5940537118
             0.5026548246                106.1403499984
             0.5340707511                111.5916682881
             0.5654866776                116.9426287876
             0.5969026042                122.1879507450
             0.6283185307                127.3224576609
             0.6597344573                132.3410823968
             0.6911503838                137.2388721760
             0.7225663103                142.0109934712
             0.7539822369                146.6527367750
             0.7853981634                151.1595212471
             0.8168140899                155.5268992354
             0.8482300165                159.7505606649
             0.8796459430                163.8263372919
             0.9110618695                167.7502068169
             0.9424777961                171.5182968543
             0.9738937226                175.1268887543
             1.0053096491                178.5724212723
             1.0367255757                181.8514940837
             1.0681415022                184.9608711396
             1.0995574288                187.8974838601
             1.1309733553                190.6584341630
             1.1623892818                193.2409973238
             1.1938052084                195.6426246644
             1.2252211349                197.8609460686
             1.2566370614                199.8937723209
             1.2880529880                201.7390972673
             1.3194689145                203.3950997949
             1.3508848410                204.8601456290
             1.3823007676                206.1327889463
             1.4137166941                207.2117738016
             1.4451326207                208.0960353669
             1.4765485472                208.7847009830
             1.5079644737                209.2770910200
             1.5393804003                209.5727195484
             1.5707963268                209.6712948185
             1.6022122533                209.5727195484
             1.6336281799                209.2770910200
             1.6650441064                208.7847009830
             1.6964600329                208.0960353669
             1.7278759595                207.2117738016
             1.7592918860                206.1327889463
             1.7907078125                204.8601456290
             1.8221237391                203.3950997949
             1.8535396656                201.7390972673
             1.8849555922                199.8937723209
             1.9163715187                197.8609460686
             1.9477874452                195.6426246644
             1.9792033718                193.2409973238
             2.0106192983                190.6584341630
             2.0420352248                187.8974838601
             2.0734511514                184.9608711396
             2.1048670779                181.8514940837
             2.1362830044                178.5724212723
             2.1676989310                175.1268887543
             2.1991148575                171.5182968543
             2.2305307840                167.7502068169
             2.2619467106                163.8263372919
             2.2933626371                159.7505606649
             2.3247785637                155.5268992354
             2.3561944902                151.1595212471
             2.3876104167                146.6527367750
             2.4190263433                142.0109934712
             2.4504422698                137.2388721760
             2.4818581963                132.3410823968
             2.5132741229                127.3224576609
             2.5446900494                122.1879507450
             2.5761059759                116.9426287876
             2.6075219025                111.5916682881
             2.6389378290                106.1403499984
             2.6703537556                100.5940537118
             2.7017696821                 94.9582529528
             2.7331856086                 89.2385095765
             2.7646015352                 83.4404682791
             2.7960174617                 77.5698510272
             2.8274333882                 71.6324514114
             2.8588493148                 65.6341289283
             2.8902652413                 59.5808031978
             2.9216811678                 53.4784481218
             2.9530970944                 47.3330859879
             2.9845130209                 41.1507815266
             3.0159289474                 34.9376359260
             3.0473448740                 28.6997808108
             3.0787608005                 22.4433721907
             3.1101767271                 16.1745843858
             3.1415926536                  9.8996039327
             3.1730085801                  3.6246234797
             3.2044245067                 -2.6441643253
             3.2358404332                 -8.9005729453
             3.2672563597                -15.1384280606
             3.2986722863                -21.3515736612
             3.3300882128                -27.5338781225
             3.3615041393                -33.6792402564
             3.3929200659                -39.7815953324
             3.4243359924                -45.8349210628
             3.4557519189                -51.8332435460
             3.4871678455                -57.7706431618
             3.5185837720                -63.6412604137
             3.5499996986                -69.4393017111
             3.5814156251                -75.1590450874
             3.6128315516                -80.7948458463
             3.6442474782                -86.3411421330
             3.6756634047                -91.7924604226
             3.7070793312                -97.1434209221
             3.7384952578               -102.3887428796
             3.7699111843               -107.5232497955
             3.8013271108               -112.5418745314
             3.8327430374               -117.4396643105
             3.8641589639               -122.2117856058
             3.8955748905               -126.8535289096
             3.9269908170               -131.3603133817
             3.9584067435               -135.7276913699
             3.9898226701               -139.9513527995
             4.0212385966               -144.0271294265
             4.0526545231               -147.9509989514
             4.0840704497               -151.7190889889
             4.1154863762               -155.3276808889
             4.1469023027               -158.7732134069
             4.1783182293               -162.0522862183
             4.2097341558               -165.1616632741
             4.2411500823               -168.0982759946
             4.2725660089               -170.8592262976
             4.3039819354               -173.4417894584
             4.3353978620               -175.8434167990
             4.3668137885               -178.0617382032
             4.3982297150               -180.0945644555
             4.4296456416               -181.9398894019
             4.4610615681               -183.5958919294
             4.4924774946               -185.0609377636
             4.5238934212               -186.3335810809
             4.5553093477               -187.4125659361
             4.5867252742               -188.2968275015
             4.6181412008               -188.9854931176
             4.6495571273               -189.4778831546
             4.6809730538               -189.7735116830
             4.7123889804               -189.8720869531
             4.7438049069               -189.7735116830
             4.7752208335               -189.4778831546
             4.8066367600               -188.9854931176
             4.8380526865               -188.2968275015
             4.8694686131               -187.4125659361
             4.9008845396               -186.3335810809
             4.9323004661               -185.0609377636
             4.9637163927               -183.5958919294
             4.9951323192               -181.9398894019
             5.0265482457               -180.0945644555
             5.0579641723               -178.0617382032
             5.0893800988               -175.8434167990
             5.1207960254               -173.4417894584
             5.1522119519               -170.8592262976
             5.1836278784               -168.0982759946
             5.2150438050               -165.1616632741
             5.2464597315               -162.0522862183
             5.2778756580               -158.7732134069
             5.3092915846               -155.3276808889
             5.3407075111               -151.7190889889
             5.3721234376               -147.9509989514
             5.4035393642               -144.0271294265
             5.4349552907               -139.9513527995
             5.4663712172               -135.7276913699
             5.4977871438               -131.3603133817
             5.5292030703               -126.8535289096
             5.5606189969               -122.2117856058
             5.5920349234               -117.4396643105
             5.6234508499               -112.5418745314
             5.6548667765               -107.5232497955
             5.6862827030               -102.3887428796
             5.7176986295                -97.1434209221
             5.7491145561                -91.7924604226
             5.7805304826                -86.3411421330
             5.8119464091                -80.7948458463
             5.8433623357                -75.1590450874
             5.8747782622                -69.4393017111
             5.9061941887                -63.6412604137
             5.9376101153                -57.7706431618
             5.9690260418                -51.8332435460
             6.0004419684                -45.8349210628
             6.0318578949                -39.7815953324
             6.0632738214                -33.6792402564
             6.0946897480                -27.5338781225
             6.1261056745                -21.3515736612
             6.1575216010                -15.1384280606
             6.1889375276                 -8.9005729453
             6.2203534541                 -2.6441643252
             6.2517693806                  3.6246234797
             6.2831853072                  9.8996039327
             6.3146012337                 16.1745843858
             6.3460171603                 22.4433721907
             6.3774330868                 28.6997808108
             6.4088490133                 34.9376359260
             6.4402649399                 41.1507815266
             6.4716808664                 47.3330859879
             6.5030967929                 53.4784481218
             6.5345127195                 59.5808031978
             6.5659286460                 65.6341289283
             6.5973445725                 71.6324514114
             6.6287604991                 77.5698510272
             6.6601764256                 83.4404682791
             6.6915923521                 89.2385095765
             6.7230082787                 94.9582529528
             6.7544242052                100.5940537118
             6.7858401318                106.1403499984
             6.8172560583                111.5916682881
             6.8486719848                116.9426287876
             6.8800879114                122.1879507450
             6.9115038379                127.3224576609
             6.9429197644                132.3410823968
             6.9743356910                137.2388721760
             7.0057516175                142.0109934712
             7.0371675440                146.6527367750
             7.0685834706                151.1595212471
             7.0999993971                155.5268992354
             7.1314153236                159.7505606649
             7.1628312502                163.8263372919
             7.1942471767                167.7502068169
             7.2256631033                171.5182968543
             7.2570790298                175.1268887543
             7.2884949563                178.5724212723
             7.3199108829                181.8514940837
             7.3513268094                184.9608711396
             7.3827427359                187.8974838601
             7.4141586625                190.6584341630
             7.4455745890                193.2409973238
             7.4769905155                195.6426246644
             7.5084064421                197.8609460686
             7.5398223686                199.8937723209
             7.5712382952                201.7390972673
             7.6026542217                203.3950997949
             7.6340701482                204.8601456290
             7.6654860748                206.1327889463
             7.6969020013                207.2117738016
             7.7283179278                208.0960353669
             7.7597338544                208.7847009830
             7.7911497809                209.2770910200
             7.8225657074                209.5727195484
             7.8539816340                209.6712948185
             7.8853975605                209.5727195484
             7.9168134870                209.2770910200
             7.9482294136                208.7847009830
             7.9796453401                208.0960353669
             8.0110612667                207.2117738016
             8.0424771932                206.1327889463
             8.0738931197                204.8601456290
             8.1053090463                203.3950997949
             8.1367249728                201.7390972673
             8.1681408993                199.8937723209
             8.1995568259                197.8609460686
             8.2309727524                195.6426246644
             8.2623886789                193.2409973238
             8.2938046055                190.6584341630
             8.3252205320                187.8974838601
             8.3566364585                184.9608711396
             8.3880523851                181.8514940837
             8.4194683116                178.5724212723
             8.4508842382                175.1268887543
             8.4823001647                171.5182968543
             8.5137160912                167.7502068169
             8.5451320178                163.8263372919
             8.5765479443                159.7505606649
             8.6079638708                155.5268992354
             8.6393797974                151.1595212471
             8.6707957239                146.6527367750
             8.7022116504                142.0109934712
             8.7336275770                137.2388721760
             8.7650435035                132.3410823968
             8.7964594301                127.3224576609
             8.8278753566                122.1879507450
             8.8592912831                116.9426287876
             8.8907072097                111.5916682880
             8.9221231362                106.1403499984
             8.9535390627                100.5940537118
             8.9849549893                 94.9582529528
             9.0163709158                 89.2385095765
             9.0477868423                 83.4404682791
             9.0792027689                 77.5698510272
             9.1106186954                 71.6324514114
             9.1420346219                 65.6341289283
             9.1734505485                 59.5808031978
             9.2048664750                 53.4784481218
             9.2362824016                 47.3330859879
             9.2676983281                 41.1507815266
             9.2991142546                 34.9376359260
             9.3305301812                 28.6997808108
             9.3619461077                 22.4433721907
             9.3933620342                 16.1745843858
             9.4247779608                  9.8996039327
             9.4561938873                  3.6246234797
             9.4876098138                 -2.6441643253
             9.5190257404                 -8.9005729453
             9.5504416669                -15.1384280606
             9.5818575934                -21.3515736612
             9.6132735200                -27.5338781225
             9.6446894465                -33.6792402564
             9.6761053731                -39.7815953324
             9.7075212996                -45.8349210628
             9.7389372261                -51.8332435460
             9.7703531527                -57.7706431618
             9.8017690792                -63.6412604137
             9.8331850057                -69.4393017111
             9.8646009323                -75.1590450874
             9.8960168588                -80.7948458463
             9.9274327853                -86.3411421330
             9.9588487119                -91.7924604226
             9.9902646384                -97.1434209221
            10.0216805650               -102.3887428796
            10.0530964915               -107.5232497955
            10.0845124180               -112.5418745314
            10.1159283446               -117.4396643105
            10.1473442711               -122.2117856058
            10.1787601976               -126.8535289096
            10.2101761242               -131.3603133817
            10.2415920507               -135.7276913699
            10.2730079772               -139.9513527995
            10.3044239038               -144.0271294265
            10.3358398303               -147.9509989514
            10.3672557568               -151.7190889889
            10.3986716834               -155.3276808889
            10.4300876099               -158.7732134069
            10.4615035365               -162.0522862183
            10.4929194630               -165.1616632741
            10.5243353895               -168.0982759946
            10.5557513161               -170.8592262976
            10.5871672426               -173.4417894584
            10.6185831691               -175.8434167990
            10.6499990957               -178.0617382032
            10.6814150222               -180.0945644555
            10.7128309487               -181.9398894019
            10.7442468753               -183.5958919294
            10.7756628018               -185.0609377636
            10.8070787283               -186.3335810809
            10.8384946549               -187.4125659361
            10.8699105814               -188.2968275015
            10.9013265080               -188.9854931176
            10.9327424345               -189.4778831546
            10.9641583610               -189.7735116830
            10.9955742876               -189.8720869531
            11.0269902141               -189.7735116830
            11.0584061406               -189.4778831546
            11.0898220672               -188.9854931176
            11.1212379937               -188.2968275015
            11.1526539202               -187.4125659361
            11.1840698468               -186.3335810809
            11.2154857733               -185.0609377636
            11.2469016999               -183.5958919294
            11.2783176264               -181.9398894019
            11.3097335529               -180.0945644555
            11.3411494795               -178.0617382032
            11.3725654060               -175.8434167990
            11.4039813325               -173.4417894584
            11.4353972591               -170.8592262976
            11.4668131856               -168.0982759946
            11.4982291121               -165.1616632741
            11.5296450387               -162.0522862183
            11.5610609652               -158.7732134069
            11.5924768917               -155.3276808889
            11.6238928183               -151.7190889889
            11.6553087448               -147.9509989514
            11.6867246714               -144.0271294265
            11.7181405979               -139.9513527995
            11.7495565244               -135.7276913699
            11.7809724510               -131.3603133817
            11.8123883775               -126.8535289096
            11.8438043040               -122.2117856058
            11.8752202306               -117.4396643105
            11.9066361571               -112.5418745313
            11.9380520836               -107.5232497955
            11.9694680102               -102.3887428796
            12.0008839367                -97.1434209221
            12.0322998632                -91.7924604226
            12.0637157898                -86.3411421330
            12.0951317163                -80.7948458463
            12.1265476429                -75.1590450874
            12.1579635694                -69.4393017111
            12.1893794959                -63.6412604137
            12.2207954225                -57.7706431618
            12.2522113490                -51.8332435460
            12.2836272755                -45.8349210628
            12.3150432021                -39.7815953324
            12.3464591286                -33.6792402564
            12.3778750551                -27.5338781225
            12.4092909817                -21.3515736612
            12.4407069082                -15.1384280606
            12.4721228348                 -8.9005729453
            12.5035387613                 -2.6441643252
            12.5349546878                  3.6246234797
