0.000000         9.917574
0.031416        16.192555
0.062832        22.461343
0.094248        28.717751
0.125664        34.955606
0.157080        41.168752
0.188496        47.351057
0.219911        53.496419
0.251327        59.598774
0.282743        65.652099
0.314159        71.650422
0.345575        77.587822
0.376991        83.458439
0.408407        89.256480
0.439823        94.976223
0.471239       100.612024
0.502655       106.158321
0.534071       111.609639
0.565487       116.960599
0.596903       122.205921
0.628319       127.340428
0.659734       132.359053
0.691150       137.256843
0.722566       142.028964
0.753982       146.670707
0.785398       151.177492
0.816814       155.544870
0.848230       159.768531
0.879646       163.844308
0.911062       167.768177
0.942478       171.536267
0.973894       175.144859
1.005310       178.590392
1.036726       181.869465
1.068142       184.978842
1.099557       187.915454
1.130973       190.676405
1.162389       193.258968
1.193805       195.660595
1.225221       197.878917
1.256637       199.911743
1.288053       201.757068
1.319469       203.413070
1.350885       204.878116
1.382301       206.150759
1.413717       207.229744
1.445133       208.114006
1.476549       208.802672
1.507964       209.295062
1.539380       209.590690
1.570796       209.689265
1.602212       209.590690
1.633628       209.295062
1.665044       208.802672
1.696460       208.114006
1.727876       207.229744
1.759292       206.150759
1.790708       204.878116
1.822124       203.413070
1.853540       201.757068
1.884956       199.911743
1.916372       197.878917
1.947787       195.660595
1.979203       193.258968
2.010619       190.676405
2.042035       187.915454
2.073451       184.978842
2.104867       181.869465
2.136283       178.590392
2.167699       175.144859
2.199115       171.536267
2.230531       167.768177
2.261947       163.844308
2.293363       159.768531
2.324779       155.544870
2.356194       151.177492
2.387610       146.670707
2.419026       142.028964
2.450442       137.256843
2.481858       132.359053
2.513274       127.340428
2.544690       122.205921
2.576106       116.960599
2.607522       111.609639
2.638938       106.158321
2.670354       100.612024
2.701770        94.976223
2.733186        89.256480
2.764602        83.458439
2.796017        77.587822
2.827433        71.650422
2.858849        65.652099
2.890265        59.598774
2.921681        53.496419
2.953097        47.351057
2.984513        41.168752
3.015929        34.955606
3.047345        28.717751
3.078761        22.461343
3.110177        16.192555
3.141593         9.917574
3.173009         3.642594
3.204425        -2.626194
3.235840        -8.882602
3.267256       -15.120458
3.298672       -21.333603
3.330088       -27.515908
3.361504       -33.661270
3.392920       -39.763625
3.424336       -45.816951
3.455752       -51.815273
3.487168       -57.752673
3.518584       -63.623290
3.550000       -69.421331
3.581416       -75.141075
3.612832       -80.776875
3.644247       -86.323172
3.675663       -91.774490
3.707079       -97.125450
3.738495      -102.370772
3.769911      -107.505279
3.801327      -112.523904
3.832743      -117.421694
3.864159      -122.193815
3.895575      -126.835558
3.926991      -131.342343
3.958407      -135.709721
3.989823      -139.933382
4.021239      -144.009159
4.052655      -147.933028
4.084070      -151.701118
4.115486      -155.309710
4.146902      -158.755243
4.178318      -162.034316
4.209734      -165.143693
4.241150      -168.080305
4.272566      -170.841256
4.303982      -173.423819
4.335398      -175.825446
4.366814      -178.043768
4.398230      -180.076594
4.429646      -181.921919
4.461062      -183.577921
4.492477      -185.042967
4.523893      -186.315611
4.555309      -187.394595
4.586725      -188.278857
4.618141      -188.967523
4.649557      -189.459913
4.680973      -189.755541
4.712389      -189.854116
4.743805      -189.755541
4.775221      -189.459913
4.806637      -188.967523
4.838053      -188.278857
4.869469      -187.394595
4.900885      -186.315611
4.932300      -185.042967
4.963716      -183.577921
4.995132      -181.921919
5.026548      -180.076594
5.057964      -178.043768
5.089380      -175.825446
5.120796      -173.423819
5.152212      -170.841256
5.183628      -168.080305
5.215044      -165.143693
5.246460      -162.034316
5.277876      -158.755243
5.309292      -155.309710
5.340708      -151.701118
5.372123      -147.933028
5.403539      -144.009159
5.434955      -139.933382
5.466371      -135.709721
5.497787      -131.342343
5.529203      -126.835558
5.560619      -122.193815
5.592035      -117.421694
5.623451      -112.523904
5.654867      -107.505279
5.686283      -102.370772
5.717699       -97.125450
5.749115       -91.774490
5.780530       -86.323172
5.811946       -80.776875
5.843362       -75.141075
5.874778       -69.421331
5.906194       -63.623290
5.937610       -57.752673
5.969026       -51.815273
6.000442       -45.816951
6.031858       -39.763625
6.063274       -33.661270
6.094690       -27.515908
6.126106       -21.333603
6.157522       -15.120458
6.188938        -8.882602
6.220353        -2.626194
6.251769         3.642594
6.283185         9.917574
6.314601        16.192555
6.346017        22.461343
6.377433        28.717751
6.408849        34.955606
6.440265        41.168752
6.471681        47.351057
6.503097        53.496419
6.534513        59.598774
6.565929        65.652099
6.597345        71.650422
6.628760        77.587822
6.660176        83.458439
6.691592        89.256480
6.723008        94.976223
6.754424       100.612024
6.785840       106.158321
6.817256       111.609639
6.848672       116.960599
6.880088       122.205921
6.911504       127.340428
6.942920       132.359053
6.974336       137.256843
7.005752       142.028964
7.037168       146.670707
7.068583       151.177492
7.099999       155.544870
7.131415       159.768531
7.162831       163.844308
7.194247       167.768177
7.225663       171.536267
7.257079       175.144859
7.288495       178.590392
7.319911       181.869465
7.351327       184.978842
7.382743       187.915454
7.414159       190.676405
7.445575       193.258968
7.476991       195.660595
7.508406       197.878917
7.539822       199.911743
7.571238       201.757068
7.602654       203.413070
7.634070       204.878116
7.665486       206.150759
7.696902       207.229744
7.728318       208.114006
7.759734       208.802672
7.791150       209.295062
7.822566       209.590690
7.853982       209.689265
7.885398       209.590690
7.916813       209.295062
7.948229       208.802672
7.979645       208.114006
8.011061       207.229744
8.042477       206.150759
8.073893       204.878116
8.105309       203.413070
8.136725       201.757068
8.168141       199.911743
8.199557       197.878917
8.230973       195.660595
8.262389       193.258968
8.293805       190.676405
8.325221       187.915454
8.356636       184.978842
8.388052       181.869465
8.419468       178.590392
8.450884       175.144859
8.482300       171.536267
8.513716       167.768177
8.545132       163.844308
8.576548       159.768531
8.607964       155.544870
8.639380       151.177492
8.670796       146.670707
8.702212       142.028964
8.733628       137.256843
8.765044       132.359053
8.796459       127.340428
8.827875       122.205921
8.859291       116.960599
8.890707       111.609639
8.922123       106.158321
8.953539       100.612024
8.984955        94.976223
9.016371        89.256480
9.047787        83.458439
9.079203        77.587822
9.110619        71.650422
9.142035        65.652099
9.173451        59.598774
9.204866        53.496419
9.236282        47.351057
9.267698        41.168752
9.299114        34.955606
9.330530        28.717751
9.361946        22.461343
9.393362        16.192555
9.424778         9.917574
9.456194         3.642594
9.487610        -2.626194
9.519026        -8.882602
9.550442       -15.120458
9.581858       -21.333603
9.613274       -27.515908
9.644689       -33.661270
9.676105       -39.763625
9.707521       -45.816951
9.738937       -51.815273
9.770353       -57.752673
9.801769       -63.623290
9.833185       -69.421331
9.864601       -75.141075
9.896017       -80.776875
9.927433       -86.323172
9.958849       -91.774490
9.990265       -97.125450
10.021681      -102.370772
10.053096      -107.505279
10.084512      -112.523904
10.115928      -117.421694
10.147344      -122.193815
10.178760      -126.835558
10.210176      -131.342343
10.241592      -135.709721
10.273008      -139.933382
10.304424      -144.009159
10.335840      -147.933028
10.367256      -151.701118
10.398672      -155.309710
10.430088      -158.755243
10.461504      -162.034316
10.492919      -165.143693
10.524335      -168.080305
10.555751      -170.841256
10.587167      -173.423819
10.618583      -175.825446
10.649999      -178.043768
10.681415      -180.076594
10.712831      -181.921919
10.744247      -183.577921
10.775663      -185.042967
10.807079      -186.315611
10.838495      -187.394595
10.869911      -188.278857
10.901327      -188.967523
10.932742      -189.459913
10.964158      -189.755541
10.995574      -189.854116
11.026990      -189.755541
11.058406      -189.459913
11.089822      -188.967523
11.121238      -188.278857
11.152654      -187.394595
11.184070      -186.315611
11.215486      -185.042967
11.246902      -183.577921
11.278318      -181.921919
11.309734      -180.076594
11.341149      -178.043768
11.372565      -175.825446
11.403981      -173.423819
11.435397      -170.841256
11.466813      -168.080305
11.498229      -165.143693
11.529645      -162.034316
11.561061      -158.755243
11.592477      -155.309710
11.623893      -151.701118
11.655309      -147.933028
11.686725      -144.009159
11.718141      -139.933382
11.749557      -135.709721
11.780972      -131.342343
11.812388      -126.835558
11.843804      -122.193815
11.875220      -117.421694
11.906636      -112.523904
11.938052      -107.505279
11.969468      -102.370772
12.000884       -97.125450
12.032300       -91.774490
12.063716       -86.323172
12.095132       -80.776875
12.126548       -75.141075
12.157964       -69.421331
12.189379       -63.623290
12.220795       -57.752673
12.252211       -51.815273
12.283627       -45.816951
12.315043       -39.763625
12.346459       -33.661270
12.377875       -27.515908
12.409291       -21.333603
12.440707       -15.120458
12.472123        -8.882602
12.503539        -2.626194
12.534955         3.642594
12.566371         9.917574