   2.0000000000000000        90.314443936619924     
   2.3799999999999999        88.110906213872184     
   2.7599999999999998        86.009601641709651     
   3.1400000000000001        84.059705659654313     
   3.5200000000000000        82.310393707228158     
   3.8999999999999999        80.810841223953190     
   4.2800000000000002        79.610223649351397     
   4.6600000000000001        78.754259761871381     
   5.0400000000000000        78.218190477336606     
   5.4199999999999999        77.911455711377570     
   5.7999999999999998        77.740975473702321     
   6.1799999999999997        77.613669774018902     
   6.5600000000000005        77.436458622035360     
   6.9400000000000004        77.116262027459712     
   7.3200000000000003        76.560000000000002     
   7.7000000000000002        75.703501970377687     
   8.0800000000000001        74.598235053367802     
   8.4600000000000009        73.324575784758835     
   8.8399999999999999        71.962900700339262     
   9.2200000000000006        70.593586335897541     
   9.5999999999999996        69.297009227222134     
   9.9800000000000004        68.153545910101514     
   10.359999999999999        67.243434705391664     
   10.740000000000000        66.610747156002702     
   11.120000000000001        66.215197355744664     
   11.500000000000000        66.004494847250669     
   11.880000000000001        65.926349173153810     
   12.260000000000000        65.928469876087178     
   12.640000000000001        65.958566498683879     
   13.020000000000000        65.964348583576992     
   13.400000000000000        65.893624778581071     
   13.779999999999999        65.707921710308028     
   14.160000000000000        65.396391336788582     
   14.540000000000001        64.951501221362207     
   14.920000000000000        64.365718927368391     
   15.300000000000001        63.631512018146587     
   15.680000000000000        62.741348057036291     
   16.059999999999999        61.687694607376962     
   16.440000000000001        60.463884902941963     
   16.820000000000000        59.093068775359825     
   17.199999999999999        57.635045025644217     
   17.580000000000002        56.151862859784444     
   17.960000000000001        54.705571483769845     
   18.340000000000000        53.358220103589723     
   18.719999999999999        52.171857925233390     
   19.100000000000001        51.208534154690149     
   19.480000000000000        50.528938659732326     
   19.859999999999999        50.139235936338224     
   20.240000000000002        49.973771909970509     
   20.620000000000001        49.961992041473643     
   21.000000000000000        50.033341791692088     
   21.379999999999999        50.117266621470314     
   21.760000000000002        50.143211991652770     
   22.140000000000001        50.040623363083931     
   22.520000000000000        49.739583762714567     
   22.899999999999999        49.213746186455104     
   23.280000000000001        48.507545274796449     
   23.660000000000000        47.671900542005289     
   24.039999999999999        46.757731502348321     
   24.420000000000002        45.815957670092210     
   24.800000000000001        44.897498559503667     
   25.180000000000000        44.053273684849373     
   25.559999999999999        43.329996445577081     
   25.940000000000001        42.732519323071969     
   26.320000000000000        42.241691758174767     
   26.699999999999999        41.838078766647499     
   27.080000000000002        41.502245364252168     
   27.460000000000001        41.214756566750808     
   27.840000000000000        40.956177389905434     
   28.219999999999999        40.707079937072550     
   28.600000000000001        40.452516068228157     
   28.980000000000000        40.189680847328923     
   29.359999999999999        39.917806993395423     
   29.740000000000002        39.636127225448242     
   30.120000000000001        39.343874262507960     
   30.500000000000000        39.040280823595161     
   30.879999999999999        38.724579627730428     
   31.260000000000002        38.396002076171584     
   31.640000000000001        38.052946670321795     
   32.020000000000003        37.691554183388313     
   32.399999999999999        37.307586537057915     
   32.780000000000001        36.896805653017395     
   33.160000000000004        36.454973452953531     
   33.539999999999999        35.977851858553123     
   33.920000000000002        35.461202791502942     
   34.299999999999997        34.900788173489786     
   34.680000000000000        34.295645528057847     
   35.060000000000002        33.660159741706423     
   35.439999999999998        33.013206735305843     
   35.820000000000000        32.373662991386539     
   36.200000000000003        31.760404992478986     
   36.579999999999998        31.192309221113639     
   36.960000000000001        30.688252159820937     
   37.340000000000003        30.266915631336047     
   37.719999999999999        29.933678804512777     
   38.100000000000001        29.672310006115968     
   38.480000000000004        29.464597620455553     
   38.859999999999999        29.292330031841452     
   39.240000000000002        29.137295624583579     
   39.619999999999997        28.981282782991858     
   40.000000000000000        28.806079891376207     
