<<<<<<< HEAD
   8.4202224636915293E-318   0.0000000000000000        0.0000000000000000        0.0000000000000000        0.0000000000000000        0.0000000000000000        0.0000000000000000        0.0000000000000000        0.0000000000000000        0.0000000000000000        0.0000000000000000        0.0000000000000000        0.0000000000000000        0.0000000000000000        0.0000000000000000        0.0000000000000000        0.0000000000000000     
   0.0000000000000000        0.0000000000000000        0.0000000000000000        0.0000000000000000        0.0000000000000000        0.0000000000000000        0.0000000000000000        0.0000000000000000        0.0000000000000000        0.0000000000000000        0.0000000000000000        0.0000000000000000        0.0000000000000000        0.0000000000000000        0.0000000000000000        0.0000000000000000        0.0000000000000000     
   0.0000000000000000        0.0000000000000000                            NaN                       NaN                       NaN                       NaN                       NaN                       NaN                       NaN                       NaN                       NaN                       NaN                       NaN                       NaN                       NaN                       NaN                       NaN
   0.0000000000000000        0.0000000000000000        0.0000000000000000                            NaN                       NaN                       NaN                       NaN                       NaN                       NaN                       NaN                       NaN                       NaN                       NaN                       NaN                       NaN                       NaN                       NaN
   0.0000000000000000        0.0000000000000000        0.0000000000000000        0.0000000000000000                            NaN                       NaN                       NaN                       NaN                       NaN                       NaN                       NaN                       NaN                       NaN                       NaN                       NaN                       NaN                       NaN
   0.0000000000000000        0.0000000000000000        0.0000000000000000        0.0000000000000000        0.0000000000000000                            NaN                       NaN                       NaN                       NaN                       NaN                       NaN                       NaN                       NaN                       NaN                       NaN                       NaN                       NaN
   0.0000000000000000        0.0000000000000000        0.0000000000000000        0.0000000000000000        0.0000000000000000        0.0000000000000000                            NaN                       NaN                       NaN                       NaN                       NaN                       NaN                       NaN                       NaN                       NaN                       NaN                       NaN
   0.0000000000000000        0.0000000000000000        0.0000000000000000        0.0000000000000000        0.0000000000000000        0.0000000000000000        0.0000000000000000                            NaN                       NaN                       NaN                       NaN                       NaN                       NaN                       NaN                       NaN                       NaN                       NaN
   0.0000000000000000        0.0000000000000000        0.0000000000000000        0.0000000000000000        0.0000000000000000        0.0000000000000000        0.0000000000000000        0.0000000000000000                            NaN                       NaN                       NaN                       NaN                       NaN                       NaN                       NaN                       NaN                       NaN
   0.0000000000000000        0.0000000000000000        0.0000000000000000        0.0000000000000000        0.0000000000000000        0.0000000000000000        0.0000000000000000        0.0000000000000000        0.0000000000000000                            NaN                       NaN                       NaN                       NaN                       NaN                       NaN                       NaN                       NaN
   0.0000000000000000        0.0000000000000000        0.0000000000000000        0.0000000000000000        0.0000000000000000        0.0000000000000000        0.0000000000000000        0.0000000000000000        0.0000000000000000        0.0000000000000000                            NaN                       NaN                       NaN                       NaN                       NaN                       NaN                       NaN
   0.0000000000000000        0.0000000000000000        0.0000000000000000        0.0000000000000000        0.0000000000000000        0.0000000000000000        0.0000000000000000        0.0000000000000000        0.0000000000000000        0.0000000000000000        0.0000000000000000                            NaN                       NaN                       NaN                       NaN                       NaN                       NaN
   0.0000000000000000        0.0000000000000000        0.0000000000000000        0.0000000000000000        0.0000000000000000        0.0000000000000000        0.0000000000000000        0.0000000000000000        0.0000000000000000        0.0000000000000000        0.0000000000000000        0.0000000000000000                            NaN                       NaN                       NaN                       NaN                       NaN
   0.0000000000000000        0.0000000000000000        0.0000000000000000        0.0000000000000000        0.0000000000000000        0.0000000000000000        0.0000000000000000        0.0000000000000000        0.0000000000000000        0.0000000000000000        0.0000000000000000        0.0000000000000000        0.0000000000000000                            NaN                       NaN                       NaN                       NaN
   0.0000000000000000        0.0000000000000000        0.0000000000000000        0.0000000000000000        0.0000000000000000        0.0000000000000000        0.0000000000000000        0.0000000000000000        0.0000000000000000        0.0000000000000000        0.0000000000000000        0.0000000000000000        0.0000000000000000        0.0000000000000000                            NaN                       NaN                       NaN
   0.0000000000000000        0.0000000000000000        0.0000000000000000        0.0000000000000000        0.0000000000000000        0.0000000000000000        0.0000000000000000        0.0000000000000000        0.0000000000000000        0.0000000000000000        0.0000000000000000        0.0000000000000000        0.0000000000000000        0.0000000000000000        0.0000000000000000                            NaN                       NaN
   0.0000000000000000        0.0000000000000000        0.0000000000000000        0.0000000000000000        0.0000000000000000        0.0000000000000000        0.0000000000000000        0.0000000000000000        0.0000000000000000        0.0000000000000000        0.0000000000000000        0.0000000000000000        0.0000000000000000        0.0000000000000000        0.0000000000000000        0.0000000000000000                            NaN
=======
   8.4202224636915293E-318   0.0000000000000000        0.0000000000000000        0.0000000000000000        0.0000000000000000        0.0000000000000000        0.0000000000000000        0.0000000000000000        0.0000000000000000        0.0000000000000000        0.0000000000000000        0.0000000000000000        0.0000000000000000        0.0000000000000000        0.0000000000000000        0.0000000000000000        0.0000000000000000     
   0.0000000000000000        0.0000000000000000        0.0000000000000000        0.0000000000000000        0.0000000000000000        0.0000000000000000        0.0000000000000000        0.0000000000000000        0.0000000000000000        0.0000000000000000        0.0000000000000000        0.0000000000000000        0.0000000000000000        0.0000000000000000        0.0000000000000000        0.0000000000000000        0.0000000000000000     
   0.0000000000000000        0.0000000000000000                            NaN                       NaN                       NaN                       NaN                       NaN                       NaN                       NaN                       NaN                       NaN                       NaN                       NaN                       NaN                       NaN                       NaN                       NaN
   0.0000000000000000        0.0000000000000000        0.0000000000000000                            NaN                       NaN                       NaN                       NaN                       NaN                       NaN                       NaN                       NaN                       NaN                       NaN                       NaN                       NaN                       NaN                       NaN
   0.0000000000000000        0.0000000000000000        0.0000000000000000        0.0000000000000000                            NaN                       NaN                       NaN                       NaN                       NaN                       NaN                       NaN                       NaN                       NaN                       NaN                       NaN                       NaN                       NaN
   0.0000000000000000        0.0000000000000000        0.0000000000000000        0.0000000000000000        0.0000000000000000                            NaN                       NaN                       NaN                       NaN                       NaN                       NaN                       NaN                       NaN                       NaN                       NaN                       NaN                       NaN
   0.0000000000000000        0.0000000000000000        0.0000000000000000        0.0000000000000000        0.0000000000000000        0.0000000000000000                            NaN                       NaN                       NaN                       NaN                       NaN                       NaN                       NaN                       NaN                       NaN                       NaN                       NaN
   0.0000000000000000        0.0000000000000000        0.0000000000000000        0.0000000000000000        0.0000000000000000        0.0000000000000000        0.0000000000000000                            NaN                       NaN                       NaN                       NaN                       NaN                       NaN                       NaN                       NaN                       NaN                       NaN
   0.0000000000000000        0.0000000000000000        0.0000000000000000        0.0000000000000000        0.0000000000000000        0.0000000000000000        0.0000000000000000        0.0000000000000000                            NaN                       NaN                       NaN                       NaN                       NaN                       NaN                       NaN                       NaN                       NaN
   0.0000000000000000        0.0000000000000000        0.0000000000000000        0.0000000000000000        0.0000000000000000        0.0000000000000000        0.0000000000000000        0.0000000000000000        0.0000000000000000                            NaN                       NaN                       NaN                       NaN                       NaN                       NaN                       NaN                       NaN
   0.0000000000000000        0.0000000000000000        0.0000000000000000        0.0000000000000000        0.0000000000000000        0.0000000000000000        0.0000000000000000        0.0000000000000000        0.0000000000000000        0.0000000000000000                            NaN                       NaN                       NaN                       NaN                       NaN                       NaN                       NaN
   0.0000000000000000        0.0000000000000000        0.0000000000000000        0.0000000000000000        0.0000000000000000        0.0000000000000000        0.0000000000000000        0.0000000000000000        0.0000000000000000        0.0000000000000000        0.0000000000000000                            NaN                       NaN                       NaN                       NaN                       NaN                       NaN
   0.0000000000000000        0.0000000000000000        0.0000000000000000        0.0000000000000000        0.0000000000000000        0.0000000000000000        0.0000000000000000        0.0000000000000000        0.0000000000000000        0.0000000000000000        0.0000000000000000        0.0000000000000000                            NaN                       NaN                       NaN                       NaN                       NaN
   0.0000000000000000        0.0000000000000000        0.0000000000000000        0.0000000000000000        0.0000000000000000        0.0000000000000000        0.0000000000000000        0.0000000000000000        0.0000000000000000        0.0000000000000000        0.0000000000000000        0.0000000000000000        0.0000000000000000                            NaN                       NaN                       NaN                       NaN
   0.0000000000000000        0.0000000000000000        0.0000000000000000        0.0000000000000000        0.0000000000000000        0.0000000000000000        0.0000000000000000        0.0000000000000000        0.0000000000000000        0.0000000000000000        0.0000000000000000        0.0000000000000000        0.0000000000000000        0.0000000000000000                            NaN                       NaN                       NaN
   0.0000000000000000        0.0000000000000000        0.0000000000000000        0.0000000000000000        0.0000000000000000        0.0000000000000000        0.0000000000000000        0.0000000000000000        0.0000000000000000        0.0000000000000000        0.0000000000000000        0.0000000000000000        0.0000000000000000        0.0000000000000000        0.0000000000000000                            NaN                       NaN
   0.0000000000000000        0.0000000000000000        0.0000000000000000        0.0000000000000000        0.0000000000000000        0.0000000000000000        0.0000000000000000        0.0000000000000000        0.0000000000000000        0.0000000000000000        0.0000000000000000        0.0000000000000000        0.0000000000000000        0.0000000000000000        0.0000000000000000        0.0000000000000000                            NaN
>>>>>>> 2bd4f61f96afd92a8f1564a188da886181568064
