<<<<<<< HEAD
-0.70710678118654757        0.0        0.0        1.0       0.70710678118654757        0.0        0.0        0.0        0.0        0.0        0.0        0.0        0.0        0.0        0.0        0.0        0.0     
-0.70710678118654757        0.0       -1.0        0.0      -0.70710678118654757        0.0        0.0        0.0        0.0        0.0        0.0        0.0        0.0        0.0        0.0        0.0        0.0     
0.0       -1.0        0.0        0.0        0.0        1.0        0.0        0.0        0.0        0.0        0.0        0.0        0.0        0.0        0.0        0.0        0.0     
0.0       -1.0        0.0        0.0        0.0        1.0        0.0        0.0        0.0        0.0        0.0        0.0        0.0        0.0        0.0        0.0        0.0     
0.0        0.0        0.0       -1.0        0.0        0.0        0.0        1.0        0.0        0.0        0.0        0.0        0.0        0.0        0.0        0.0        0.0     
0.0        0.0        0.0        0.0        0.0        0.0       -1.0        0.0        0.0        0.0        0.0        0.0        0.0        0.0        0.0        0.0        0.0     
0.0        0.0        0.0        0.0      -0.70710678118654757       -1.0        0.0        0.0       0.70710678118654757        1.0        0.0        0.0        0.0        0.0        0.0        0.0        0.0     
0.0        0.0        0.0        0.0       0.70710678118654757        0.0        1.0        0.0       0.70710678118654757        0.0        0.0        0.0        0.0        0.0        0.0        0.0        0.0     
0.0        0.0        0.0        0.0        0.0        0.0        0.0       -1.0      -0.70710678118654757        0.0        0.0        1.0       0.70710678118654757        0.0        0.0        0.0        0.0     
0.0        0.0        0.0        0.0        0.0        0.0        0.0        0.0      -0.70710678118654757        0.0       -1.0        0.0      -0.70710678118654757        0.0        0.0        0.0        0.0     
0.0        0.0        0.0        0.0        0.0        0.0        0.0        0.0        0.0       -1.0        0.0        0.0        0.0        1.0        0.0        0.0        0.0     
0.0        0.0        0.0        0.0        0.0        0.0        0.0        0.0        0.0        0.0        1.0        0.0        0.0        0.0        0.0        0.0        0.0     
0.0        0.0        0.0        0.0        0.0        0.0        0.0        0.0        0.0        0.0        0.0       -1.0        0.0        0.0        0.0       0.70710678118654757        0.0     
0.0        0.0        0.0        0.0        0.0        0.0        0.0        0.0        0.0        0.0        0.0        0.0        0.0        0.0       -1.0      -0.70710678118654757        0.0     
0.0        0.0        0.0        0.0        0.0        0.0        0.0        0.0        0.0        0.0        0.0        0.0      -0.70710678118654757       -1.0        0.0        0.0        1.0     
0.0        0.0        0.0        0.0        0.0        0.0        0.0        0.0        0.0        0.0        0.0        0.0       0.70710678118654757        0.0        1.0        0.0        0.0     
=======
-0.70710678118654757        0.0        0.0        1.0       0.70710678118654757        0.0        0.0        0.0        0.0        0.0        0.0        0.0        0.0        0.0        0.0        0.0        0.0     
-0.70710678118654757        0.0       -1.0        0.0      -0.70710678118654757        0.0        0.0        0.0        0.0        0.0        0.0        0.0        0.0        0.0        0.0        0.0        0.0     
0.0       -1.0        0.0        0.0        0.0        1.0        0.0        0.0        0.0        0.0        0.0        0.0        0.0        0.0        0.0        0.0        0.0     
0.0       -1.0        0.0        0.0        0.0        1.0        0.0        0.0        0.0        0.0        0.0        0.0        0.0        0.0        0.0        0.0        0.0     
0.0        0.0        0.0       -1.0        0.0        0.0        0.0        1.0        0.0        0.0        0.0        0.0        0.0        0.0        0.0        0.0        0.0     
0.0        0.0        0.0        0.0        0.0        0.0       -1.0        0.0        0.0        0.0        0.0        0.0        0.0        0.0        0.0        0.0        0.0     
0.0        0.0        0.0        0.0      -0.70710678118654757       -1.0        0.0        0.0       0.70710678118654757        1.0        0.0        0.0        0.0        0.0        0.0        0.0        0.0     
0.0        0.0        0.0        0.0       0.70710678118654757        0.0        1.0        0.0       0.70710678118654757        0.0        0.0        0.0        0.0        0.0        0.0        0.0        0.0     
0.0        0.0        0.0        0.0        0.0        0.0        0.0       -1.0      -0.70710678118654757        0.0        0.0        1.0       0.70710678118654757        0.0        0.0        0.0        0.0     
0.0        0.0        0.0        0.0        0.0        0.0        0.0        0.0      -0.70710678118654757        0.0       -1.0        0.0      -0.70710678118654757        0.0        0.0        0.0        0.0     
0.0        0.0        0.0        0.0        0.0        0.0        0.0        0.0        0.0       -1.0        0.0        0.0        0.0        1.0        0.0        0.0        0.0     
0.0        0.0        0.0        0.0        0.0        0.0        0.0        0.0        0.0        0.0        1.0        0.0        0.0        0.0        0.0        0.0        0.0     
0.0        0.0        0.0        0.0        0.0        0.0        0.0        0.0        0.0        0.0        0.0       -1.0        0.0        0.0        0.0       0.70710678118654757        0.0     
0.0        0.0        0.0        0.0        0.0        0.0        0.0        0.0        0.0        0.0        0.0        0.0        0.0        0.0       -1.0      -0.70710678118654757        0.0     
0.0        0.0        0.0        0.0        0.0        0.0        0.0        0.0        0.0        0.0        0.0        0.0      -0.70710678118654757       -1.0        0.0        0.0        1.0     
0.0        0.0        0.0        0.0        0.0        0.0        0.0        0.0        0.0        0.0        0.0        0.0       0.70710678118654757        0.0        1.0        0.0        0.0     
>>>>>>> 2bd4f61f96afd92a8f1564a188da886181568064
0.0        0.0        0.0        0.0        0.0        0.0        0.0        0.0        0.0        0.0        0.0        0.0        0.0        0.0        0.0      -0.70710678118654757       -1.0     