-0.70710678118654752440084436210485 0.0e0 0.0e0 1.0e0 0.70710678118654752440084436210485 0.0e0 0.0e0 0.0e0 0.0e0 0.0e0 0.0e0 0.0e0 0.0e0 0.0e0 0.0e0 0.0e0 0.0e0
-0.70710678118654752440084436210485 0.0e0 -1.0e0 0.0e0 -0.70710678118654752440084436210485 0.0e0 0.0e0 0.0e0 0.0e0 0.0e0 0.0e0 0.0e0 0.0e0 0.0e0 0.0e0 0.0e0 0.0e0
0.0e0 -1.0e0 0.0e0 0.0e0 0.0e0 1.0e0 0.0e0 0.0e0 0.0e0 0.0e0 0.0e0 0.0e0 0.0e0 0.0e0 0.0e0 0.0e0 0.0e0
0.0e0 -1.0e0 0.0e0 0.0e0 0.0e0 1.0e0 0.0e0 0.0e0 0.0e0 0.0e0 0.0e0 0.0e0 0.0e0 0.0e0 0.0e0 0.0e0 0.0e0
0.0e0 0.0e0 0.0e0 -1.0e0 0.0e0 0.0e0 0.0e0 1.0e0 0.0e0 0.0e0 0.0e0 0.0e0 0.0e0 0.0e0 0.0e0 0.0e0 0.0e0
0.0e0 0.0e0 0.0e0 0.0e0 0.0e0 0.0e0 -1.0e0 0.0e0 0.0e0 0.0e0 0.0e0 0.0e0 0.0e0 0.0e0 0.0e0 0.0e0 0.0e0
0.0e0 0.0e0 0.0e0 0.0e0 -0.70710678118654752440084436210485 -1.0e0 0.0e0 0.0e0 0.70710678118654752440084436210485 1.0e0 0.0e0 0.0e0 0.0e0 0.0e0 0.0e0 0.0e0 0.0e0
0.0e0 0.0e0 0.0e0 0.0e0 0.70710678118654752440084436210485 0.0e0 1.0e0 0.0e0 0.70710678118654752440084436210485 0.0e0 0.0e0 0.0e0 0.0e0 0.0e0 0.0e0 0.0e0 0.0e0
0.0e0 0.0e0 0.0e0 0.0e0 0.0e0 0.0e0 0.0e0 -1.0e0 -0.70710678118654752440084436210485 0.0e0 0.0e0 1.0e0 0.70710678118654752440084436210485 0.0e0 0.0e0 0.0e0 0.0e0
0.0e0 0.0e0 0.0e0 0.0e0 0.0e0 0.0e0 0.0e0 0.0e0 -0.70710678118654752440084436210485 0.0e0 -1.0e0 0.0e0 -0.70710678118654752440084436210485 0.0e0 0.0e0 0.0e0 0.0e0
0.0e0 0.0e0 0.0e0 0.0e0 0.0e0 0.0e0 0.0e0 0.0e0 0.0e0 -1.0e0 0.0e0 0.0e0 0.0e0 1.0e0 0.0e0 0.0e0 0.0e0
0.0e0 0.0e0 0.0e0 0.0e0 0.0e0 0.0e0 0.0e0 0.0e0 0.0e0 0.0e0 1.0e0 0.0e0 0.0e0 0.0e0 0.0e0 0.0e0 0.0e0
0.0e0 0.0e0 0.0e0 0.0e0 0.0e0 0.0e0 0.0e0 0.0e0 0.0e0 0.0e0 0.0e0 -1.0e0 0.0e0 0.0e0 0.0e0 0.70710678118654752440084436210485 0.0e0
0.0e0 0.0e0 0.0e0 0.0e0 0.0e0 0.0e0 0.0e0 0.0e0 0.0e0 0.0e0 0.0e0 0.0e0 0.0e0 0.0e0 -1.0e0 -0.70710678118654752440084436210485 0.0e0
0.0e0 0.0e0 0.0e0 0.0e0 0.0e0 0.0e0 0.0e0 0.0e0 0.0e0 0.0e0 0.0e0 0.0e0 -0.70710678118654752440084436210485 -1.0e0 0.0e0 0.0e0 1.0e0
0.0e0 0.0e0 0.0e0 0.0e0 0.0e0 0.0e0 0.0e0 0.0e0 0.0e0 0.0e0 0.0e0 0.0e0 0.70710678118654752440084436210485 0.0e0 1.0e0 0.0e0 0.0e0
0.0e0 0.0e0 0.0e0 0.0e0 0.0e0 0.0e0 0.0e0 0.0e0 0.0e0 0.0e0 0.0e0 0.0e0 0.0e0 0.0e0 0.0e0 -0.70710678118654752440084436210485 -1.0e0