<<<<<<< HEAD
MATRIX A:
-sqrt(2.0)/2.0d0 0.0d0 0.0d0 1.0d0 sqrt(2.0)/2.0d0 0.0d0 0.0d0 0.0d0 0.0d0 0.0d0 0.0d0 0.0d0 0.0d0 0.0d0 0.0d0 0.0d0 0.0d0
-sqrt(2.0)/2.0d0 0.0d0 -1.0d0 0.0d0 -sqrt(2.0)/2.0d0 0.0d0 0.0d0 0.0d0 0.0d0 0.0d0 0.0d0 0.0d0 0.0d0 0.0d0 0.0d0 0.0d0 0.0d0
0.0d0 -1.0d0 0.0d0 0.0d0 0.0d0 1.0d0 0.0d0 0.0d0 0.0d0 0.0d0 0.0d0 0.0d0 0.0d0 0.0d0 0.0d0 0.0d0 0.0d0
0.0d0 -1.0d0 0.0d0 0.0d0 0.0d0 1.0d0 0.0d0 0.0d0 0.0d0 0.0d0 0.0d0 0.0d0 0.0d0 0.0d0 0.0d0 0.0d0 0.0d0
0.0d0 0.0d0 0.0d0 -1.0d0 0.0d0 0.0d0 0.0d0 1.0d0 0.0d0 0.0d0 0.0d0 0.0d0 0.0d0 0.0d0 0.0d0 0.0d0 0.0d0
0.0d0 0.0d0 0.0d0 0.0d0 0.0d0 0.0d0 -1.0d0 0.0d0 0.0d0 0.0d0 0.0d0 0.0d0 0.0d0 0.0d0 0.0d0 0.0d0 0.0d0
0.0d0 0.0d0 0.0d0 0.0d0 -sqrt(2.0)/2.0d0 -1.0d0 0.0d0 0.0d0 sqrt(2.0)/2.0d0 1.0d0 0.0d0 0.0d0 0.0d0 0.0d0 0.0d0 0.0d0 0.0d0
0.0d0 0.0d0 0.0d0 0.0d0 sqrt(2.0)/2.0d0 0.0d0 1.0d0 0.0d0 sqrt(2.0)/2.0d0 0.0d0 0.0d0 0.0d0 0.0d0 0.0d0 0.0d0 0.0d0 0.0d0
0.0d0 0.0d0 0.0d0 0.0d0 0.0d0 0.0d0 0.0d0 -1.0d0 -sqrt(2.0)/2.0d0 0.0d0 0.0d0 1.0d0 sqrt(2.0)/2.0d0 0.0d0 0.0d0 0.0d0 0.0d0
0.0d0 0.0d0 0.0d0 0.0d0 0.0d0 0.0d0 0.0d0 0.0d0 -sqrt(2.0)/2.0d0 0.0d0 -1.0d0 0.0d0 -sqrt(2.0)/2.0d0 0.0d0 0.0d0 0.0d0 0.0d0
0.0d0 0.0d0 0.0d0 0.0d0 0.0d0 0.0d0 0.0d0 0.0d0 0.0d0 -1.0d0 0.0d0 0.0d0 0.0d0 1.0d0 0.0d0 0.0d0 0.0d0
0.0d0 0.0d0 0.0d0 0.0d0 0.0d0 0.0d0 0.0d0 0.0d0 0.0d0 0.0d0 1.0d0 0.0d0 0.0d0 0.0d0 0.0d0 0.0d0 0.0d0
0.0d0 0.0d0 0.0d0 0.0d0 0.0d0 0.0d0 0.0d0 0.0d0 0.0d0 0.0d0 0.0d0 -1.0d0 0.0d0 0.0d0 0.0d0 sqrt(2.0)/2.0d0 0.0d0
0.0d0 0.0d0 0.0d0 0.0d0 0.0d0 0.0d0 0.0d0 0.0d0 0.0d0 0.0d0 0.0d0 0.0d0 0.0d0 0.0d0 -1.0d0 -sqrt(2.0)/2.0d0 0.0d0
0.0d0 0.0d0 0.0d0 0.0d0 0.0d0 0.0d0 0.0d0 0.0d0 0.0d0 0.0d0 0.0d0 0.0d0 -sqrt(2.0)/2.0d0 -1.0d0 0.0d0 0.0d0 1.0d0
0.0d0 0.0d0 0.0d0 0.0d0 0.0d0 0.0d0 0.0d0 0.0d0 0.0d0 0.0d0 0.0d0 0.0d0 sqrt(2.0)/2.0d0 0.0d0 1.0d0 0.0d0 0.0d0
0.0d0 0.0d0 0.0d0 0.0d0 0.0d0 0.0d0 0.0d0 0.0d0 0.0d0 0.0d0 0.0d0 0.0d0 0.0d0 0.0d0 0.0d0 -sqrt(2.0)/2.0d0 -1.0d0

COLUMN VECTOR B: 
0.0d0 0.0d0 0.0d0 1.0d00.0d0 0.0d0 0.0d0 0.0d0 1.0d0 0.0d0 0.0d0 0.0d0 0.0d0 0.0d0 0.0d0 0.0d0 1.0d0 0.0d0

COLUMN VECTOR X:
f1 f2 f3 f4 f5 f6 f7 f8 f9 f10 f11 f12 f13 f14 f15 f16 f17
=======
MATRIX A:
-sqrt(2.0)/2.0d0 0.0d0 0.0d0 1.0d0 sqrt(2.0)/2.0d0 0.0d0 0.0d0 0.0d0 0.0d0 0.0d0 0.0d0 0.0d0 0.0d0 0.0d0 0.0d0 0.0d0 0.0d0
-sqrt(2.0)/2.0d0 0.0d0 -1.0d0 0.0d0 -sqrt(2.0)/2.0d0 0.0d0 0.0d0 0.0d0 0.0d0 0.0d0 0.0d0 0.0d0 0.0d0 0.0d0 0.0d0 0.0d0 0.0d0
0.0d0 -1.0d0 0.0d0 0.0d0 0.0d0 1.0d0 0.0d0 0.0d0 0.0d0 0.0d0 0.0d0 0.0d0 0.0d0 0.0d0 0.0d0 0.0d0 0.0d0
0.0d0 -1.0d0 0.0d0 0.0d0 0.0d0 1.0d0 0.0d0 0.0d0 0.0d0 0.0d0 0.0d0 0.0d0 0.0d0 0.0d0 0.0d0 0.0d0 0.0d0
0.0d0 0.0d0 0.0d0 -1.0d0 0.0d0 0.0d0 0.0d0 1.0d0 0.0d0 0.0d0 0.0d0 0.0d0 0.0d0 0.0d0 0.0d0 0.0d0 0.0d0
0.0d0 0.0d0 0.0d0 0.0d0 0.0d0 0.0d0 -1.0d0 0.0d0 0.0d0 0.0d0 0.0d0 0.0d0 0.0d0 0.0d0 0.0d0 0.0d0 0.0d0
0.0d0 0.0d0 0.0d0 0.0d0 -sqrt(2.0)/2.0d0 -1.0d0 0.0d0 0.0d0 sqrt(2.0)/2.0d0 1.0d0 0.0d0 0.0d0 0.0d0 0.0d0 0.0d0 0.0d0 0.0d0
0.0d0 0.0d0 0.0d0 0.0d0 sqrt(2.0)/2.0d0 0.0d0 1.0d0 0.0d0 sqrt(2.0)/2.0d0 0.0d0 0.0d0 0.0d0 0.0d0 0.0d0 0.0d0 0.0d0 0.0d0
0.0d0 0.0d0 0.0d0 0.0d0 0.0d0 0.0d0 0.0d0 -1.0d0 -sqrt(2.0)/2.0d0 0.0d0 0.0d0 1.0d0 sqrt(2.0)/2.0d0 0.0d0 0.0d0 0.0d0 0.0d0
0.0d0 0.0d0 0.0d0 0.0d0 0.0d0 0.0d0 0.0d0 0.0d0 -sqrt(2.0)/2.0d0 0.0d0 -1.0d0 0.0d0 -sqrt(2.0)/2.0d0 0.0d0 0.0d0 0.0d0 0.0d0
0.0d0 0.0d0 0.0d0 0.0d0 0.0d0 0.0d0 0.0d0 0.0d0 0.0d0 -1.0d0 0.0d0 0.0d0 0.0d0 1.0d0 0.0d0 0.0d0 0.0d0
0.0d0 0.0d0 0.0d0 0.0d0 0.0d0 0.0d0 0.0d0 0.0d0 0.0d0 0.0d0 1.0d0 0.0d0 0.0d0 0.0d0 0.0d0 0.0d0 0.0d0
0.0d0 0.0d0 0.0d0 0.0d0 0.0d0 0.0d0 0.0d0 0.0d0 0.0d0 0.0d0 0.0d0 -1.0d0 0.0d0 0.0d0 0.0d0 sqrt(2.0)/2.0d0 0.0d0
0.0d0 0.0d0 0.0d0 0.0d0 0.0d0 0.0d0 0.0d0 0.0d0 0.0d0 0.0d0 0.0d0 0.0d0 0.0d0 0.0d0 -1.0d0 -sqrt(2.0)/2.0d0 0.0d0
0.0d0 0.0d0 0.0d0 0.0d0 0.0d0 0.0d0 0.0d0 0.0d0 0.0d0 0.0d0 0.0d0 0.0d0 -sqrt(2.0)/2.0d0 -1.0d0 0.0d0 0.0d0 1.0d0
0.0d0 0.0d0 0.0d0 0.0d0 0.0d0 0.0d0 0.0d0 0.0d0 0.0d0 0.0d0 0.0d0 0.0d0 sqrt(2.0)/2.0d0 0.0d0 1.0d0 0.0d0 0.0d0
0.0d0 0.0d0 0.0d0 0.0d0 0.0d0 0.0d0 0.0d0 0.0d0 0.0d0 0.0d0 0.0d0 0.0d0 0.0d0 0.0d0 0.0d0 -sqrt(2.0)/2.0d0 -1.0d0

COLUMN VECTOR B: 
0.0d0 0.0d0 0.0d0 1.0d00.0d0 0.0d0 0.0d0 0.0d0 1.0d0 0.0d0 0.0d0 0.0d0 0.0d0 0.0d0 0.0d0 0.0d0 1.0d0 0.0d0

COLUMN VECTOR X:
f1 f2 f3 f4 f5 f6 f7 f8 f9 f10 f11 f12 f13 f14 f15 f16 f17
>>>>>>> 2bd4f61f96afd92a8f1564a188da886181568064
