<<<<<<< HEAD
  -26.870058144950264     
   19.000000000000000     
   10.000000000000000     
  -28.000000000000000     
   12.727922279186966     
   19.000000000000000     
  -0.0000000000000000     
  -28.000000000000000     
   8.4852815194579776     
   22.000000000000000     
  -0.0000000000000000     
  -16.000000000000000     
  -8.4852815194579776     
   22.000000000000000     
   16.000000000000000     
  -22.627417385221275     
   16.000000000000000     
=======
  -26.870058144950264     
   19.000000000000000     
   10.000000000000000     
  -28.000000000000000     
   12.727922279186966     
   19.000000000000000     
  -0.0000000000000000     
  -28.000000000000000     
   8.4852815194579776     
   22.000000000000000     
  -0.0000000000000000     
  -16.000000000000000     
  -8.4852815194579776     
   22.000000000000000     
   16.000000000000000     
  -22.627417385221275     
   16.000000000000000     
>>>>>>> 2bd4f61f96afd92a8f1564a188da886181568064
