           1   0.0000000000000000        0.0000000000000000        0.0000000000000000     
          11   6.6666666666666662E-003   0.0000000000000000       -2.2222222222222222E-003
          21   1.3333333333333332E-002   0.0000000000000000        0.0000000000000000     
          31   1.9999999999999997E-002   0.0000000000000000        0.0000000000000000     
          41   2.6666666666666665E-002   0.0000000000000000        0.0000000000000000     
          51   3.3333333333333333E-002   0.0000000000000000        0.0000000000000000     
          61   3.9999999999999994E-002   0.0000000000000000        0.0000000000000000     
          71   4.6666666666666662E-002   0.0000000000000000        0.0000000000000000     
          81   5.3333333333333330E-002   0.0000000000000000        0.0000000000000000     
          91   5.9999999999999998E-002   0.0000000000000000        723.33333333333326     
 
           2   0.0000000000000000        3.3333333333333331E-003  -2.2222222222222221E-004
          12   6.6666666666666662E-003   3.3333333333333331E-003  -9.1118518518518523E-004
          22   1.3333333333333332E-002   3.3333333333333331E-003  -9.1192592592592581E-005
          32   1.9999999999999997E-002   3.3333333333333331E-003  -9.1933333333333306E-006
          42   2.6666666666666665E-002   3.3333333333333331E-003  -9.9340740740740693E-007
          52   3.3333333333333333E-002   3.3333333333333331E-003  -1.7341481481481473E-007
          62   3.9999999999999994E-002   3.3333333333333331E-003  -9.1415555555555520E-008
          72   4.6666666666666662E-002   3.3333333333333331E-003  -8.3215629629629606E-008
          82   5.3333333333333330E-002   3.3333333333333331E-003   72.333333250937685     
          92   5.9999999999999998E-002   3.3333333333333331E-003   723.33333333333326     
 
           3   0.0000000000000000        6.6666666666666662E-003  -4.4444444444444441E-004
          13   6.6666666666666662E-003   6.6666666666666662E-003  -4.0899259259259251E-004
          23   1.3333333333333332E-002   6.6666666666666662E-003  -7.7450370370370358E-005
          33   1.9999999999999997E-002   6.6666666666666662E-003  -1.1496444444444441E-005
          43   2.6666666666666665E-002   6.6666666666666662E-003  -1.6210814814814807E-006
          53   3.3333333333333333E-002   6.6666666666666662E-003  -3.0554814814814801E-007
          63   3.9999999999999994E-002   6.6666666666666662E-003  -1.4119511111111105E-007
          73   4.6666666666666662E-002   6.6666666666666662E-003  -1.2147983703703701E-007
          83   5.3333333333333330E-002   6.6666666666666662E-003   101.26666654748634     
          93   5.9999999999999998E-002   6.6666666666666662E-003   723.33333333333326     
 
           4   0.0000000000000000        9.9999999999999985E-003  -6.6666666666666664E-004
          14   6.6666666666666662E-003   9.9999999999999985E-003  -2.3033777777777770E-004
          24   1.3333333333333332E-002   9.9999999999999985E-003  -5.4087999999999988E-005
          34   1.9999999999999997E-002   9.9999999999999985E-003  -1.0081451851851847E-005
          44   2.6666666666666665E-002   9.9999999999999985E-003  -1.7306518518518512E-006
          54   3.3333333333333333E-002   9.9999999999999985E-003  -3.6935851851851836E-007
          64   3.9999999999999994E-002   9.9999999999999985E-003  -1.6748797037037031E-007
          74   4.6666666666666662E-002   9.9999999999999985E-003  -1.3941480592592590E-007
          84   5.3333333333333330E-002   9.9999999999999985E-003   112.83999986431230     
          94   5.9999999999999998E-002   9.9999999999999985E-003   723.33333333333326     
 
           5   0.0000000000000000        1.3333333333333332E-002  -8.8888888888888882E-004
          15   6.6666666666666662E-003   1.3333333333333332E-002  -1.8109807407407400E-004
          25   1.3333333333333332E-002   1.3333333333333332E-002  -3.9819081481481474E-005
          35   1.9999999999999997E-002   1.3333333333333332E-002  -8.0885629629629588E-006
          45   2.6666666666666665E-002   1.3333333333333332E-002  -1.5751911111111102E-006
          55   3.3333333333333333E-002   1.3333333333333332E-002  -3.7933659259259244E-007
          65   3.9999999999999994E-002   1.3333333333333332E-002  -1.7900292148148141E-007
          75   4.6666666666666662E-002   1.3333333333333332E-002  -1.4774028859259255E-007
          85   5.3333333333333330E-002   1.3333333333333332E-002   117.46933319021014     
          95   5.9999999999999998E-002   1.3333333333333332E-002   723.33333333333326     
 
           6   0.0000000000000000        1.6666666666666666E-002  -1.1111111111111111E-003
          16   6.6666666666666662E-003   1.6666666666666666E-002  -1.8362441481481481E-004
          26   1.3333333333333332E-002   1.6666666666666666E-002  -3.4364148148148139E-005
          36   1.9999999999999997E-002   1.6666666666666666E-002  -6.7459140740740706E-006
          46   2.6666666666666665E-002   1.6666666666666666E-002  -1.3787419259259249E-006
          56   3.3333333333333333E-002   1.6666666666666666E-002  -3.6368290370370352E-007
          66   3.9999999999999994E-002   1.6666666666666666E-002  -1.8204353303703695E-007
          76   4.6666666666666662E-002   1.6666666666666666E-002  -1.5137454281481480E-007
          86   5.3333333333333330E-002   1.6666666666666666E-002   119.32106652020585     
          96   5.9999999999999998E-002   1.6666666666666666E-002   723.33333333333326     
 
           7   0.0000000000000000        1.9999999999999997E-002  -1.3333333333333333E-003
          17   6.6666666666666662E-003   1.9999999999999997E-002  -2.0685717333333332E-004
          27   1.3333333333333332E-002   1.9999999999999997E-002  -3.4505450666666660E-005
          37   1.9999999999999997E-002   1.9999999999999997E-002  -6.2229847703703677E-006
          47   2.6666666666666665E-002   1.9999999999999997E-002  -1.2478693214814806E-006
          57   3.3333333333333333E-002   1.9999999999999997E-002  -3.4433416770370347E-007
          67   3.9999999999999994E-002   1.9999999999999997E-002  -1.8132490405925921E-007
          77   4.6666666666666662E-002   1.9999999999999997E-002  -1.5275638160592592E-007
          87   5.3333333333333330E-002   1.9999999999999997E-002   120.06175985206595     
          97   5.9999999999999998E-002   1.9999999999999997E-002   723.33333333333326     
 
           8   0.0000000000000000        2.3333333333333331E-002  -1.5555555555555555E-003
          18   6.6666666666666662E-003   2.3333333333333331E-002  -2.3837249896296292E-004
          28   1.3333333333333332E-002   2.3333333333333331E-002  -3.7713504237037029E-005
          38   1.9999999999999997E-002   2.3333333333333331E-002  -6.3346184059259223E-006
          48   2.6666666666666665E-002   2.3333333333333331E-002  -1.2066836432592585E-006
          58   3.3333333333333333E-002   2.3333333333333331E-002  -3.3247610548148130E-007
          68   3.9999999999999994E-002   2.3333333333333331E-002  -1.7985164624592588E-007
          78   4.6666666666666662E-002   2.3333333333333331E-002  -1.5316179134103700E-007
          88   5.3333333333333330E-002   2.3333333333333331E-002   120.35803718476944     
          98   5.9999999999999998E-002   2.3333333333333331E-002   723.33333333333326     
 
           9   0.0000000000000000        2.6666666666666665E-002  -1.7777777777777776E-003
          19   6.6666666666666662E-003   2.6666666666666665E-002   119.99972679914855     
          29   1.3333333333333332E-002   2.6666666666666665E-002   131.99995752043907     
          39   1.9999999999999997E-002   2.6666666666666665E-002   133.19999314412246     
          49   2.6666666666666665E-002   2.6666666666666665E-002   133.31999875766471     
          59   3.3333333333333333E-002   2.6666666666666665E-002   133.33199966870194     
          69   3.9999999999999994E-002   2.6666666666666665E-002   133.33319982085544     
          79   4.6666666666666662E-002   2.6666666666666665E-002   133.33331984674675     
          89   5.3333333333333330E-002   2.6666666666666665E-002   263.14321345117497     
          99   5.9999999999999998E-002   2.6666666666666665E-002   723.33333333333326     
 
          10   0.0000000000000000        2.9999999999999999E-002  -2.0000000000000000E-003
          20   6.6666666666666662E-003   2.9999999999999999E-002   300.00000000000000     
          30   1.3333333333333332E-002   2.9999999999999999E-002   300.00000000000000     
          40   1.9999999999999997E-002   2.9999999999999999E-002   300.00000000000000     
          50   2.6666666666666665E-002   2.9999999999999999E-002   300.00000000000000     
          60   3.3333333333333333E-002   2.9999999999999999E-002   300.00000000000000     
          70   3.9999999999999994E-002   2.9999999999999999E-002   300.00000000000000     
          80   4.6666666666666662E-002   2.9999999999999999E-002   300.00000000000000     
          90   5.3333333333333330E-002   2.9999999999999999E-002   323.33333333333331     
         100   5.9999999999999998E-002   2.9999999999999999E-002   346.66666666666663     
 
