   0.0000000000000000        0.0000000000000000        0.0000000000000000        0.0000000000000000       0.22241924546294128        1.0514668268317224E-002   4.6388242360223043E-004
  0.50000000000000000        0.0000000000000000        0.0000000000000000        0.0000000000000000       0.76021178759208308        7.1215690312833035E-002   5.4786235288188561E-003
   1.0000000000000000        0.0000000000000000        0.0000000000000000        0.0000000000000000        1.3949208912331137       0.19641941025872384        2.2848010530132610E-002
   1.5000000000000000        0.0000000000000000        0.0000000000000000        0.0000000000000000        1.9094663696485252       0.36897180170639521        5.8932112199895935E-002
   2.0000000000000000        0.0000000000000000        0.0000000000000000        0.0000000000000000        2.1332584343355752       0.55124058442417201       0.11521376342095158     
   2.5000000000000000        0.0000000000000000        0.0000000000000000        0.0000000000000000        1.9786871034607885       0.69835259468995248       0.18705207779301333     
   3.0000000000000000        0.0000000000000000        0.0000000000000000        0.0000000000000000        1.4590607651271306       0.77153359498166385       0.26448922962275612     
   3.5000000000000000        0.0000000000000000        0.0000000000000000        0.0000000000000000       0.68297723620730433       0.74895294620375907       0.33465490391028385     
   4.0000000000000000        0.0000000000000000        0.0000000000000000        0.0000000000000000      -0.17389005514868427       0.63182371220664968       0.38503038040335819     
   4.5000000000000000        0.0000000000000000        0.0000000000000000        0.0000000000000000      -0.91293532033411784       0.44450997476867626       0.40668865014835587     
   5.0000000000000000        0.0000000000000000        0.0000000000000000        0.0000000000000000       -1.3620476149169669       0.22876262354257756       0.39667119259445499     
   5.5000000000000000        0.0000000000000000        0.0000000000000000        0.0000000000000000       -1.4183260195245386        3.3583025292623712E-002  0.35889578437916547     
   6.0000000000000000        0.0000000000000000        0.0000000000000000        0.0000000000000000       -1.0736940473032710       -9.6751562099921432E-002  0.30336215433734853     
   6.5000000000000000        0.0000000000000000        0.0000000000000000        0.0000000000000000      -0.41718825175611574      -0.13353859376166000       0.24384614665844606     
   7.0000000000000000        0.0000000000000000        0.0000000000000000        0.0000000000000000       0.38660799675040908       -7.0702815242514053E-002  0.19464688277873529     
   7.5000000000000000        0.0000000000000000        0.0000000000000000        0.0000000000000000        1.1376839013665061        7.3685614862160909E-002  0.16718510774274262     
   8.0000000000000000        0.0000000000000000        0.0000000000000000        0.0000000000000000        1.6494361625820086       0.26180431747442462       0.16728809321216967     
   8.5000000000000000        0.0000000000000000        0.0000000000000000        0.0000000000000000        1.7942522993565437       0.44531014035981231       0.19382853912630862     
   9.0000000000000000        0.0000000000000000        0.0000000000000000        0.0000000000000000        1.5346743146141748       0.57714974441449518       0.23905327330277532     
   9.5000000000000000        0.0000000000000000        0.0000000000000000        0.0000000000000000       0.93250715064430045       0.62305794316980401       0.29052355535914637     
   10.000000000000000        0.0000000000000000        0.0000000000000000        0.0000000000000000       0.13363771830621238       0.56992844520445851       0.33419389909064978     
   10.500000000000000        0.0000000000000000        0.0000000000000000        0.0000000000000000      -0.66772177723874748       0.42900720513575813       0.35787726704107220     
   11.000000000000000        0.0000000000000000        0.0000000000000000        0.0000000000000000       -1.2766140862547168       0.23312613045799258       0.35424960912008280     
   11.500000000000000        0.0000000000000000        0.0000000000000000        0.0000000000000000       -1.5450932316417556        2.8654021600737982E-002  0.32265925316077887     
   12.000000000000000        0.0000000000000000        0.0000000000000000        0.0000000000000000       -1.4084658634001543      -0.13586493860166568       0.26929905804030291     
   12.500000000000000        0.0000000000000000        0.0000000000000000        0.0000000000000000      -0.90114557195531830      -0.22160378027571911       0.20569991675497079     
   13.000000000000000        0.0000000000000000        0.0000000000000000        0.0000000000000000      -0.14823930278726369      -0.20896498416708176       0.14591504408365225     
   13.500000000000000        0.0000000000000000        0.0000000000000000        0.0000000000000000       0.66507353960316273      -0.10238366758772459       0.10308490704475545     
   14.000000000000000        0.0000000000000000        0.0000000000000000        0.0000000000000000        1.3388717269645629        7.0754076324791568E-002   8.6224201091055191E-002
   14.500000000000000        0.0000000000000000        0.0000000000000000        0.0000000000000000        1.7074336624082844       0.26681270065342633        9.8017833558840264E-002
   15.000000000000000        0.0000000000000000        0.0000000000000000        0.0000000000000000        1.6798067664507508       0.43658769436112616       0.13416577406421917     
   15.500000000000000        0.0000000000000000        0.0000000000000000        0.0000000000000000        1.2620717461164377       0.53734998045139504       0.18443736559342386     
   16.000000000000000        0.0000000000000000        0.0000000000000000        0.0000000000000000       0.55585048245630508       0.54330525130978102       0.23517711510821820     
   16.500000000000000        0.0000000000000000        0.0000000000000000        0.0000000000000000      -0.26657729641191880       0.45190736493997025       0.27264857836024026     
   17.000000000000000        0.0000000000000000        0.0000000000000000        0.0000000000000000       -1.0044563722536959       0.28448000951657393       0.28639773400768287     
   17.500000000000000        0.0000000000000000        0.0000000000000000        0.0000000000000000       -1.4777098078583242        8.0994388726070274E-002  0.27181245067813953     
   18.000000000000000        0.0000000000000000        0.0000000000000000        0.0000000000000000       -1.5710296511609978      -0.10971850119119851       0.23125145939750105     
   18.500000000000000        0.0000000000000000        0.0000000000000000        0.0000000000000000       -1.2621096906653881      -0.24192465380424841       0.17346646632112159     
   19.000000000000000        0.0000000000000000        0.0000000000000000        0.0000000000000000      -0.62710794685944449      -0.28418547854620252       0.11145892960772066     
   19.500000000000000        0.0000000000000000        0.0000000000000000        0.0000000000000000       0.17799847082414394      -0.22705612249436907        5.9296265259327761E-002
   20.000000000000000        0.0000000000000000        0.0000000000000000        0.0000000000000000       0.95560113009413961       -8.5398884063351249E-002   2.8667008630400840E-002
   20.500000000000000        0.0000000000000000        0.0000000000000000        0.0000000000000000        1.5148409440353192       0.10525467463497572        2.6018366156308211E-002
   21.000000000000000        0.0000000000000000        0.0000000000000000        0.0000000000000000        1.7183364475695455       0.29740222606339362        5.0976998528502140E-002
   21.500000000000000        0.0000000000000000        0.0000000000000000        0.0000000000000000        1.5158189552466717       0.44320008321583920        9.6439693657233386E-002
   22.000000000000000        0.0000000000000000        0.0000000000000000        0.0000000000000000       0.95643952863862425       0.50617622326776335       0.15031173807225201     
   22.500000000000000        0.0000000000000000        0.0000000000000000        0.0000000000000000       0.17673456890688752       0.47015916749691028       0.19846737944736578     
   23.000000000000000        0.0000000000000000        0.0000000000000000        0.0000000000000000      -0.63280353045917070       0.34323661240775477       0.22820756088781444     
   23.500000000000000        0.0000000000000000        0.0000000000000000        0.0000000000000000       -1.2743660067573519       0.15577459793537762       0.23136835695067548     
   24.000000000000000        0.0000000000000000        0.0000000000000000        0.0000000000000000       -1.5912586255958543       -4.7017813173648532E-002  0.20631906082132115     
   24.500000000000000        0.0000000000000000        0.0000000000000000        0.0000000000000000       -1.5062662839668268      -0.21615792116892391       0.15836072344593347     
   25.000000000000000        0.0000000000000000        0.0000000000000000        0.0000000000000000       -1.0405583292024485      -0.31088267040500789        9.8427569981253127E-002
   25.500000000000000        0.0000000000000000        0.0000000000000000        0.0000000000000000      -0.30850591495612650      -0.30862945379018669        4.0409233284044541E-002
   26.000000000000000        0.0000000000000000        0.0000000000000000        0.0000000000000000       0.51031971169817070      -0.21056079286183621       -2.2505841092221798E-003
   26.500000000000000        0.0000000000000000        0.0000000000000000        0.0000000000000000        1.2151121944342269       -4.1280260252489494E-002  -1.9846252803727607E-002
   27.000000000000000        0.0000000000000000        0.0000000000000000        0.0000000000000000        1.6329941602559741       0.15719080238572594       -8.7871324736464446E-003
   27.500000000000000        0.0000000000000000        0.0000000000000000        0.0000000000000000        1.6613433348187645       0.33570106061582711        2.7522691164695256E-002
   28.000000000000000        0.0000000000000000        0.0000000000000000        0.0000000000000000        1.2929177703247519       0.45000265042438564        7.9517238637320978E-002
   28.500000000000000        0.0000000000000000        0.0000000000000000        0.0000000000000000       0.61762865312647719       0.47158411624287011       0.13381013177387793     
   29.000000000000000        0.0000000000000000        0.0000000000000000        0.0000000000000000      -0.19947335477157629       0.39465054212157696       0.17647147172262476     
   29.500000000000000        0.0000000000000000        0.0000000000000000        0.0000000000000000      -0.95860852954034559       0.23754189593700484       0.19643780566747471     
   30.000000000000000        0.0000000000000000        0.0000000000000000        0.0000000000000000       -1.4741813765154914        3.8242325981713510E-002  0.18822030319564614     
   30.500000000000000        0.0000000000000000        0.0000000000000000        0.0000000000000000       -1.6202211192396090      -0.15492010973475537       0.15324808598570916     
   31.000000000000000        0.0000000000000000        0.0000000000000000        0.0000000000000000       -1.3612239704308424      -0.29510625130166152        9.9517816530860795E-002
   31.500000000000000        0.0000000000000000        0.0000000000000000        0.0000000000000000      -0.76084592162390718      -0.34843409822861932        3.9635338456172231E-002
   32.000000000000000        0.0000000000000000        0.0000000000000000        0.0000000000000000        3.3682246286105458E-002 -0.30227469433426662       -1.2271157172357269E-002
   32.500000000000000        0.0000000000000000        0.0000000000000000        0.0000000000000000       0.82760198235523741      -0.16834451463413308       -4.4010675360427701E-002
   33.000000000000000        0.0000000000000000        0.0000000000000000        0.0000000000000000        1.4263104469924475        2.0162769569380685E-002  -4.8314653972176644E-002
   33.500000000000000        0.0000000000000000        0.0000000000000000        0.0000000000000000        1.6830058759508888       0.21670290310806220       -2.4617004071324607E-002
   34.000000000000000        0.0000000000000000        0.0000000000000000        0.0000000000000000        1.5346295798959912       0.37277635840062567        2.0806861783093971E-002
   34.500000000000000        0.0000000000000000        0.0000000000000000        0.0000000000000000        1.0173047243316633       0.44980237594814615        7.6376051909465420E-002
   35.000000000000000        0.0000000000000000        0.0000000000000000        0.0000000000000000       0.25749193792111585       0.42856455432938456       0.12803919635018310     
   35.500000000000000        0.0000000000000000        0.0000000000000000        0.0000000000000000      -0.55897283543652543       0.31391537954196952       0.16271431876988635     
   36.000000000000000        0.0000000000000000        0.0000000000000000        0.0000000000000000       -1.2323776272912197       0.13358786054420019       0.17149137846099080     
   36.500000000000000        0.0000000000000000        0.0000000000000000        0.0000000000000000       -1.5980310650493339       -6.8594776214085620E-002  0.15181338815438986     
   37.000000000000000        0.0000000000000000        0.0000000000000000        0.0000000000000000       -1.5665847242547637      -0.24344882993996675       0.10810209360714387     
   37.500000000000000        0.0000000000000000        0.0000000000000000        0.0000000000000000       -1.1459088947641856      -0.34847229124833806        5.0675026471579801E-002
   38.000000000000000        0.0000000000000000        0.0000000000000000        0.0000000000000000      -0.43916581045677250      -0.35825108860471216       -6.7809266307287319E-003
   38.500000000000000        0.0000000000000000        0.0000000000000000        0.0000000000000000       0.38044791681746126      -0.27068160364281890       -5.0560880722409558E-002
   39.000000000000000        0.0000000000000000        0.0000000000000000        0.0000000000000000        1.1121057258591978      -0.10748596682454813       -7.0297706077019934E-002
   39.500000000000000        0.0000000000000000        0.0000000000000000        0.0000000000000000        1.5765203141495630        9.1106028678995907E-002  -6.1500573579787055E-002
   40.000000000000000        0.0000000000000000        0.0000000000000000        0.0000000000000000        1.6598392882017181       0.27620634170772290       -2.6654767675136103E-002
   40.500000000000000        0.0000000000000000        0.0000000000000000        0.0000000000000000        1.3415200699934202       0.40223794598593388        2.5386505401500951E-002
   41.000000000000000        0.0000000000000000        0.0000000000000000        0.0000000000000000       0.69935931009792518       0.43809344794697319        8.1569407294387150E-002
   41.500000000000000        0.0000000000000000        0.0000000000000000        0.0000000000000000      -0.10955456834100082       0.37475104049365815       0.12783522675279360     
   42.000000000000000        0.0000000000000000        0.0000000000000000        0.0000000000000000      -0.88730221336112958       0.22748314140264542       0.15256217485404588     
   42.500000000000000        0.0000000000000000        0.0000000000000000        0.0000000000000000       -1.4435910198475099        3.2116964472581791E-002  0.14941054448132615     
   43.000000000000000        0.0000000000000000        0.0000000000000000        0.0000000000000000       -1.6423455081911091      -0.16373743416807141       0.11887463955886636     
   43.500000000000000        0.0000000000000000        0.0000000000000000        0.0000000000000000       -1.4350234564480389      -0.31234395457585751        6.8161507420144263E-002
   44.000000000000000        0.0000000000000000        0.0000000000000000        0.0000000000000000      -0.87250083500263309      -0.37752810568176670        9.4261646389456645E-003
   44.500000000000000        0.0000000000000000        0.0000000000000000        0.0000000000000000       -9.2615697320945586E-002 -0.34353396732414609       -4.3204605621001327E-002
   45.000000000000000        0.0000000000000000        0.0000000000000000        0.0000000000000000       0.71357928314892038      -0.21888196858547571       -7.7091206733729212E-002
   45.500000000000000        0.0000000000000000        0.0000000000000000        0.0000000000000000        1.3485930738907570       -3.4282963910045310E-002  -8.4176060052698898E-002
   46.000000000000000        0.0000000000000000        0.0000000000000000        0.0000000000000000        1.6568488819120546       0.16488068592799526       -6.2956592185237137E-002
   46.500000000000000        0.0000000000000000        0.0000000000000000        0.0000000000000000        1.5627746874395416       0.32966613424629876       -1.8853322190779474E-002
   47.000000000000000        0.0000000000000000        0.0000000000000000        0.0000000000000000        1.0893058215354188       0.41955280481105017        3.7117071699976960E-002
   47.500000000000000        0.0000000000000000        0.0000000000000000        0.0000000000000000       0.35226951125569428       0.41236308731861299        9.1038826123995012E-002
   48.000000000000000        0.0000000000000000        0.0000000000000000        0.0000000000000000      -0.46797374853419565       0.30969203961517633       0.12950396942409628     
   48.500000000000000        0.0000000000000000        0.0000000000000000        0.0000000000000000       -1.1706888155388637       0.13651671605089555       0.14289487885211510     
   49.000000000000000        0.0000000000000000        0.0000000000000000        0.0000000000000000       -1.5839129423244143       -6.4919228116181810E-002  0.12773883348997678     
   49.500000000000000        0.0000000000000000        0.0000000000000000        0.0000000000000000       -1.6065583305752711      -0.24544839426760259        8.7558086059895235E-002
   50.000000000000000        0.0000000000000000        0.0000000000000000        0.0000000000000000       -1.2331620237237595      -0.36101766779734529        3.2007326245997975E-002
   50.500000000000000        0.0000000000000000        0.0000000000000000        0.0000000000000000      -0.55522350111941599      -0.38347408648603382       -2.5490285558576905E-002
   51.000000000000000        0.0000000000000000        0.0000000000000000        0.0000000000000000       0.26119751590139012      -0.30745779324253919       -7.1029732836740495E-002
   51.500000000000000        0.0000000000000000        0.0000000000000000        0.0000000000000000        1.0161382076059402      -0.15171443809267432       -9.3628728127930175E-002
   52.000000000000000        0.0000000000000000        0.0000000000000000        0.0000000000000000        1.5246904623375568        4.5494292255738651E-002  -8.7916707747089651E-002
   52.500000000000000        0.0000000000000000        0.0000000000000000        0.0000000000000000        1.6622727673242239       0.23575835474100271       -5.5449876483370880E-002
   53.000000000000000        0.0000000000000000        0.0000000000000000        0.0000000000000000        1.3951320459847594       0.37237170521376672       -4.3303335991074620E-003
   53.500000000000000        0.0000000000000000        0.0000000000000000        0.0000000000000000       0.78860752811652768       0.42176745860827797        5.2777468509169409E-002
   54.000000000000000        0.0000000000000000        0.0000000000000000        0.0000000000000000       -8.8666307228941303E-003  0.37173612789793181       0.10174729277018815     
   54.500000000000000        0.0000000000000000        0.0000000000000000        0.0000000000000000      -0.80210326398811005       0.23441483022483950       0.13044958560709910     
   55.000000000000000        0.0000000000000000        0.0000000000000000        0.0000000000000000       -1.3969508749175139        4.3315598200547305E-002  0.13172109107783839     
   55.500000000000000        0.0000000000000000        0.0000000000000000        0.0000000000000000       -1.6478287476112765      -0.15487963067474178       0.10511854576710972     
   56.000000000000000        0.0000000000000000        0.0000000000000000        0.0000000000000000       -1.4933702354260003      -0.31174847380946136        5.7027088652264343E-002
   56.500000000000000        0.0000000000000000        0.0000000000000000        0.0000000000000000      -0.97144750662965029      -0.38898368224221802       -9.0315667582945621E-004
   57.000000000000000        0.0000000000000000        0.0000000000000000        0.0000000000000000      -0.20989916561852651      -0.36777217921881544       -5.4609548338300340E-002
   57.500000000000000        0.0000000000000000        0.0000000000000000        0.0000000000000000       0.60476904854900093      -0.25340124295340039       -9.1060057897328600E-002
   58.000000000000000        0.0000000000000000        0.0000000000000000        0.0000000000000000        1.2730473256598958       -7.3964079462983529E-002 -0.10144406885210006     
   58.500000000000000        0.0000000000000000        0.0000000000000000        0.0000000000000000        1.6312686993527430       0.12651829353661662       -8.3329623238156819E-002
   59.000000000000000        0.0000000000000000        0.0000000000000000        0.0000000000000000        1.5916803851942176       0.29887484889737720       -4.1258947214641427E-002
   59.500000000000000        0.0000000000000000        0.0000000000000000        0.0000000000000000        1.1639286806895601       0.40082325651537370        1.4363549707975371E-002
   60.000000000000000        0.0000000000000000        0.0000000000000000        0.0000000000000000       0.45269717435524121       0.40732199873984476        6.9818545144737607E-002
   60.500000000000000        0.0000000000000000        0.0000000000000000        0.0000000000000000      -0.36792348739291036       0.31670133575522375       0.11143068328465724     
   61.000000000000000        0.0000000000000000        0.0000000000000000        0.0000000000000000       -1.0970591006197230       0.15107204672261609       0.12891669239808681     
   61.500000000000000        0.0000000000000000        0.0000000000000000        0.0000000000000000       -1.5562329521132654       -4.9088127467317638E-002  0.11790300439113723     
   62.000000000000000        0.0000000000000000        0.0000000000000000        0.0000000000000000       -1.6330631796641926      -0.23484491227103457        8.0996475261014028E-002
   62.500000000000000        0.0000000000000000        0.0000000000000000        0.0000000000000000       -1.3087778066187890      -0.36078838002463270        2.7146056670141853E-002
   63.000000000000000        0.0000000000000000        0.0000000000000000        0.0000000000000000      -0.66281081065784275      -0.39615094558608266       -3.0548296369662241E-002
   63.500000000000000        0.0000000000000000        0.0000000000000000        0.0000000000000000       0.14664605109903175      -0.33234040405469084       -7.8043025954866438E-002
   64.000000000000000        0.0000000000000000        0.0000000000000000        0.0000000000000000       0.92137406914104591      -0.18504366026299840      -0.10378939646155645     
   64.500000000000000        0.0000000000000000        0.0000000000000000        0.0000000000000000        1.4716584034913365        9.6139162573741846E-003 -0.10156109809312730     
   65.000000000000000        0.0000000000000000        0.0000000000000000        0.0000000000000000        1.6627368627030488       0.20391318693464067       -7.1978732901784900E-002
   65.500000000000000        0.0000000000000000        0.0000000000000000        0.0000000000000000        1.4477943588435582       0.35022450042537223       -2.2357935997714913E-002
   66.000000000000000        0.0000000000000000        0.0000000000000000        0.0000000000000000       0.87942484513882335       0.41266904084340206        3.5081682770660622E-002
   66.500000000000000        0.0000000000000000        0.0000000000000000        0.0000000000000000        9.6754454168227227E-002  0.37590316315342343        8.6208263066567342E-002
   67.000000000000000        0.0000000000000000        0.0000000000000000        0.0000000000000000      -0.70862145854845560       0.24887500401633897       0.11843760575340696     
   67.500000000000000        0.0000000000000000        0.0000000000000000        0.0000000000000000       -1.3395475658787201        6.2633618692147688E-002  0.12381416491845786     
   68.000000000000000        0.0000000000000000        0.0000000000000000        0.0000000000000000       -1.6415790946003810      -0.13727295634606890       0.10095878587907704     
   68.500000000000000        0.0000000000000000        0.0000000000000000        0.0000000000000000       -1.5407953170009625      -0.30194949572854474        5.5406314927351083E-002
   69.000000000000000        0.0000000000000000        0.0000000000000000        0.0000000000000000       -1.0618979470400489      -0.39112488478343477       -1.7495778757669162E-003
   69.500000000000000        0.0000000000000000        0.0000000000000000        0.0000000000000000      -0.32216332251155139      -0.38301193479328227       -5.6572568260870593E-002
   70.000000000000000        0.0000000000000000        0.0000000000000000        0.0000000000000000       0.49727091004189283      -0.27964168730245492       -9.5695826673048420E-002
   70.500000000000000        0.0000000000000000        0.0000000000000000        0.0000000000000000        1.1957545866976473      -0.10636618377660814      -0.10959473354292436     
   71.000000000000000        0.0000000000000000        0.0000000000000000        0.0000000000000000        1.6022511629403613        9.4348560022110117E-002  -9.4918886110944442E-002
   71.500000000000000        0.0000000000000000        0.0000000000000000        0.0000000000000000        1.6172134042295991       0.27331967855976075       -5.5312440244910568E-002
   72.000000000000000        0.0000000000000000        0.0000000000000000        0.0000000000000000        1.2369560008128784       0.38668910122635397       -5.2193900434170963E-004
   72.500000000000000        0.0000000000000000        0.0000000000000000        0.0000000000000000       0.55455784063554137       0.40666150258220468        5.5989937325591273E-002
   73.000000000000000        0.0000000000000000        0.0000000000000000        0.0000000000000000      -0.26292696754591033       0.32830953340455660       0.10034046247691501     
   73.500000000000000        0.0000000000000000        0.0000000000000000        0.0000000000000000       -1.0153697845284715       0.17078017460350337       0.12162579858959398     
   74.000000000000000        0.0000000000000000        0.0000000000000000        0.0000000000000000       -1.5185659290587430       -2.7393143533621940E-002  0.11459059603298029     
   74.500000000000000        0.0000000000000000        0.0000000000000000        0.0000000000000000       -1.6493344254348057      -0.21772490009315335        8.0914647480850352E-002
   75.000000000000000        0.0000000000000000        0.0000000000000000        0.0000000000000000       -1.3756770192074763      -0.35364846025177521        2.8801578414579539E-002
   75.500000000000000        0.0000000000000000        0.0000000000000000        0.0000000000000000      -0.76461248211963173      -0.40191724087061342       -2.9029723069049863E-002
   76.000000000000000        0.0000000000000000        0.0000000000000000        0.0000000000000000        3.4231904782119342E-002 -0.35074466202563226       -7.8459169143298813E-002
   76.500000000000000        0.0000000000000000        0.0000000000000000        0.0000000000000000       0.82525431264817894      -0.21268994047408654      -0.10742259666041115     
   77.000000000000000        0.0000000000000000        0.0000000000000000        0.0000000000000000        1.4147684994961249       -2.1583182195263749E-002 -0.10886552848771827     
   77.500000000000000        0.0000000000000000        0.0000000000000000        0.0000000000000000        1.6584249428430695       0.17575738138363453       -8.2470388009324574E-002
   78.000000000000000        0.0000000000000000        0.0000000000000000        0.0000000000000000        1.4965526231492334       0.33098810401010098       -3.4734284473307668E-002
   78.500000000000000        0.0000000000000000        0.0000000000000000        0.0000000000000000       0.96876855688558194       0.40607611071868760        2.2621675353600872E-002
   79.000000000000000        0.0000000000000000        0.0000000000000000        0.0000000000000000       0.20427815599326912       0.38261104824974218        7.5522093212719563E-002
   79.500000000000000        0.0000000000000000        0.0000000000000000        0.0000000000000000      -0.60975877598566008       0.26631255849233804       0.11098339891545776     
   80.000000000000000        0.0000000000000000        0.0000000000000000        0.0000000000000000       -1.2740513036959746        8.5629888228528919E-002  0.12029265315883701     
   80.500000000000000        0.0000000000000000        0.0000000000000000        0.0000000000000000       -1.6259707435482771      -0.11522350046595721       0.10114075177592724     
   81.000000000000000        0.0000000000000000        0.0000000000000000        0.0000000000000000       -1.5793678490711218      -0.28709494888344905        5.8187748598612747E-002
   81.500000000000000        0.0000000000000000        0.0000000000000000        0.0000000000000000       -1.1456651623995078      -0.38792690732303969        1.9218861562816342E-003
   82.000000000000000        0.0000000000000000        0.0000000000000000        0.0000000000000000      -0.43106038864394047      -0.39305410999295276       -5.3908316734500784E-002
   82.500000000000000        0.0000000000000000        0.0000000000000000        0.0000000000000000       0.38947449535998868      -0.30124251165152888       -9.5660205994144779E-002
   83.000000000000000        0.0000000000000000        0.0000000000000000        0.0000000000000000        1.1150324729211465      -0.13499144369891541      -0.11313721321832239     
   83.500000000000000        0.0000000000000000        0.0000000000000000        0.0000000000000000        1.5679605219402166        6.4974988613272930E-002 -0.10208535397108590     
   84.000000000000000        0.0000000000000000        0.0000000000000000        0.0000000000000000        1.6373552607656812       0.24967856975591907       -6.5234773602305188E-002
   84.500000000000000        0.0000000000000000        0.0000000000000000        0.0000000000000000        1.3062159543805305       0.37387853208241889       -1.1631333867611761E-002
   85.000000000000000        0.0000000000000000        0.0000000000000000        0.0000000000000000       0.65560687800258444       0.40714805690180228        4.5578108723074766E-002
   85.500000000000000        0.0000000000000000        0.0000000000000000        0.0000000000000000      -0.15519005368660871       0.34132380468106166        9.2364491708685992E-002
   86.000000000000000        0.0000000000000000        0.0000000000000000        0.0000000000000000      -0.92767306312620190       0.19250456955742193       0.11725133085580146     
   86.500000000000000        0.0000000000000000        0.0000000000000000        0.0000000000000000       -1.4727206764786318       -2.8902821834336403E-003  0.11412454473655295     
   87.000000000000000        0.0000000000000000        0.0000000000000000        0.0000000000000000       -1.6568952644834456      -0.19703755794935054        8.3729376636119152E-002
   87.500000000000000        0.0000000000000000        0.0000000000000000        0.0000000000000000       -1.4351132358761647      -0.34241903865247053        3.3487915083582752E-002
   88.000000000000000        0.0000000000000000        0.0000000000000000        0.0000000000000000      -0.86168308061746002      -0.40345560994912072       -2.4318109671429559E-002
   88.500000000000000        0.0000000000000000        0.0000000000000000        0.0000000000000000       -7.7008764991755504E-002 -0.36521828383910221       -7.5554338451973638E-002
   89.000000000000000        0.0000000000000000        0.0000000000000000        0.0000000000000000       0.72678604880293773      -0.23708334874132797      -0.10769438362676875     
   89.500000000000000        0.0000000000000000        0.0000000000000000        0.0000000000000000        1.3528965686258514       -5.0436739841082594E-002 -0.11288674158895677     
   90.000000000000000        0.0000000000000000        0.0000000000000000        0.0000000000000000        1.6480215424417055       0.14901032007795673       -8.9877130117574533E-002
   90.500000000000000        0.0000000000000000        0.0000000000000000        0.0000000000000000        1.5398967447133700       0.31241301018028739       -4.4315595405427503E-002
   91.000000000000000        0.0000000000000000        0.0000000000000000        0.0000000000000000        1.0549877726380297       0.39975181556830236        1.2626801744554064E-002
   91.500000000000000        0.0000000000000000        0.0000000000000000        0.0000000000000000       0.31201033864468025       0.38963068892682029        6.6993037077739667E-002
   92.000000000000000        0.0000000000000000        0.0000000000000000        0.0000000000000000      -0.50713548246828632       0.28451553811900737       0.10545727547670446     
   92.500000000000000        0.0000000000000000        0.0000000000000000        0.0000000000000000       -1.2019007417565020       0.11013047526185644       0.11858748683738139     
   93.000000000000000        0.0000000000000000        0.0000000000000000        0.0000000000000000       -1.6021889989727396       -9.0840353445328814E-002  0.10315472306651750     
   93.500000000000000        0.0000000000000000        0.0000000000000000        0.0000000000000000       -1.6100018690442097      -0.26920334543424429        6.2923664641196350E-002
   94.000000000000000        0.0000000000000000        0.0000000000000000        0.0000000000000000       -1.2234324499721196      -0.38129976113071357        7.7308833503050923E-003
   94.500000000000000        0.0000000000000000        0.0000000000000000        0.0000000000000000      -0.53713220420841212      -0.39969491553583969       -4.8923505365205733E-002
   95.000000000000000        0.0000000000000000        0.0000000000000000        0.0000000000000000       0.28086301532975483      -0.31989515513589467       -9.3181152982540760E-002
   95.500000000000000        0.0000000000000000        0.0000000000000000        0.0000000000000000        1.0302739975510220      -0.16144806993877062      -0.11421849608356231     
   96.000000000000000        0.0000000000000000        0.0000000000000000        0.0000000000000000        1.5276135042334611        3.6843429632880009E-002 -0.10689675297970927     
   96.500000000000000        0.0000000000000000        0.0000000000000000        0.0000000000000000        1.6511103406101357       0.22642141009269634       -7.3020087189235555E-002
   97.000000000000000        0.0000000000000000        0.0000000000000000        0.0000000000000000        1.3705231862313876       0.36086158235243038       -2.0893895476822209E-002
   97.500000000000000        0.0000000000000000        0.0000000000000000        0.0000000000000000       0.75454472051105392       0.40723957886089734        3.6708633042294866E-002
   98.000000000000000        0.0000000000000000        0.0000000000000000        0.0000000000000000       -4.6016745208890347E-002  0.35419197935666219        8.5673829474908897E-002
   98.500000000000000        0.0000000000000000        0.0000000000000000        0.0000000000000000      -0.83516040604737407       0.21469846498530609       0.11400305420405334     
   99.000000000000000        0.0000000000000000        0.0000000000000000        0.0000000000000000       -1.4196808004135109        2.2903932415749555E-002  0.11475037328504900     
   99.500000000000000        0.0000000000000000        0.0000000000000000        0.0000000000000000       -1.6564712491895468      -0.17424137475380472        8.7723156538600883E-002
   100.00000000000000        0.0000000000000000        0.0000000000000000        0.0000000000000000       -1.4875613655938258      -0.32847692991409194        3.9529231609568408E-002
   100.50000000000000        0.0000000000000000        0.0000000000000000        0.0000000000000000      -0.95431023133678883      -0.40204779014165587       -1.8040950974260367E-002
   101.00000000000000        0.0000000000000000        0.0000000000000000        0.0000000000000000      -0.18728025454595076      -0.37694832942007628       -7.0901039333119059E-002
   101.50000000000000        0.0000000000000000        0.0000000000000000        0.0000000000000000       0.62572905779547472      -0.25933065011222034      -0.10611761825432116     
   102.00000000000000        0.0000000000000000        0.0000000000000000        0.0000000000000000        1.2856609655250504       -7.7998339811905640E-002 -0.11507676787681499     
   102.50000000000000        0.0000000000000000        0.0000000000000000        0.0000000000000000        1.6309375243682394       0.12264564556488516       -9.5593059044345285E-002
   103.00000000000000        0.0000000000000000        0.0000000000000000        0.0000000000000000        1.5770194987492219       0.29347036827358897       -5.2444629717470957E-002
   103.50000000000000        0.0000000000000000        0.0000000000000000        0.0000000000000000        1.1371045119863230       0.39264587024790693        3.7966629163666962E-003
   104.00000000000000        0.0000000000000000        0.0000000000000000        0.0000000000000000       0.41889580482826377       0.39588460031343198        5.9353595065284877E-002
   104.50000000000000        0.0000000000000000        0.0000000000000000        0.0000000000000000      -0.40176727706759396       0.30238784853914252       0.10061671468804731     
   105.00000000000000        0.0000000000000000        0.0000000000000000        0.0000000000000000       -1.1239608903833465       0.13504129320374875       0.11747640366439975     
   105.50000000000000        0.0000000000000000        0.0000000000000000        0.0000000000000000       -1.5708698611858514       -6.5188216344894370E-002  0.10579805874603171     
   106.00000000000000        0.0000000000000000        0.0000000000000000        0.0000000000000000       -1.6330782088072811      -0.24928277796661494        6.8434380660986519E-002
   106.50000000000000        0.0000000000000000        0.0000000000000000        0.0000000000000000       -1.2953579965075110      -0.37217473337944795        1.4526927688673547E-002
   107.00000000000000        0.0000000000000000        0.0000000000000000        0.0000000000000000      -0.64039766398463649      -0.40378080720805559       -4.2732062255625383E-002
   107.50000000000000        0.0000000000000000        0.0000000000000000        0.0000000000000000       0.17144298409288961      -0.33636754636592042       -8.9329597018824605E-002
   108.00000000000000        0.0000000000000000        0.0000000000000000        0.0000000000000000       0.94139444865355826      -0.18644474333573724      -0.11386280471046538     
   108.50000000000000        0.0000000000000000        0.0000000000000000        0.0000000000000000        1.4809432396339599        9.2767327027285414E-003 -0.11033075957655121     
   109.00000000000000        0.0000000000000000        0.0000000000000000        0.0000000000000000        1.6579865507609766       0.20287303297820589       -7.9603722909084199E-002
   109.50000000000000        0.0000000000000000        0.0000000000000000        0.0000000000000000        1.4291756316158102       0.34694075482108255       -2.9210077579489086E-002
   110.00000000000000        0.0000000000000000        0.0000000000000000        0.0000000000000000       0.85052907148213541       0.40620294411352209        2.8506877942658833E-002
   110.50000000000000        0.0000000000000000        0.0000000000000000        0.0000000000000000        6.3717492939281237E-002  0.36614612031992733        7.9410994973175469E-002
   111.00000000000000        0.0000000000000000        0.0000000000000000        0.0000000000000000      -0.73862235945492694       0.23657367914027902       0.11103429239094013     
   111.50000000000000        0.0000000000000000        0.0000000000000000        0.0000000000000000       -1.3600518145895228        4.9205675884422949E-002  0.11562954894659354     
   112.00000000000000        0.0000000000000000        0.0000000000000000        0.0000000000000000       -1.6484253143866929      -0.15008735369528733        9.2067089038413152E-002
   112.50000000000000        0.0000000000000000        0.0000000000000000        0.0000000000000000       -1.5331409544867820      -0.31251510360081375        4.6111362641025389E-002
   113.00000000000000        0.0000000000000000        0.0000000000000000        0.0000000000000000       -1.0424262945158895      -0.39831306927670174       -1.0990397029237891E-002
   113.50000000000000        0.0000000000000000        0.0000000000000000        0.0000000000000000      -0.29642726872038933      -0.38647828822691643       -6.5261892290009685E-002
   114.00000000000000        0.0000000000000000        0.0000000000000000        0.0000000000000000       0.52220772732079068      -0.27991160071412646      -0.10341964981737610     
   114.50000000000000        0.0000000000000000        0.0000000000000000        0.0000000000000000        1.2130465324159916      -0.10470742578226723      -0.11612528179567895     
   115.00000000000000        0.0000000000000000        0.0000000000000000        0.0000000000000000        1.6069460015800887        9.6235059795462624E-002 -0.10027185243976831     
   115.50000000000000        0.0000000000000000        0.0000000000000000        0.0000000000000000        1.6074641454893672       0.27371513342924181       -5.9744567628324648E-002
   116.00000000000000        0.0000000000000000        0.0000000000000000        0.0000000000000000        1.2144724915332681       0.38427657689496453       -4.4695442990314964E-003
   116.50000000000000        0.0000000000000000        0.0000000000000000        0.0000000000000000       0.52418753696636011       0.40084727157861993        5.2016445964103306E-002
   117.00000000000000        0.0000000000000000        0.0000000000000000        0.0000000000000000      -0.29438640666928911       0.31936739479576765        9.5880247620474854E-002
   117.50000000000000        0.0000000000000000        0.0000000000000000        0.0000000000000000       -1.0408353645826354       0.15978340355847503       0.11637915708283902     
   118.00000000000000        0.0000000000000000        0.0000000000000000        0.0000000000000000       -1.5324040307465605       -3.8835556104959153E-002  0.10849110829405069     
   118.50000000000000        0.0000000000000000        0.0000000000000000        0.0000000000000000       -1.6487406418916393      -0.22786314095985583        7.4144246807884701E-002
   119.00000000000000        0.0000000000000000        0.0000000000000000        0.0000000000000000       -1.3613632877961783      -0.36102123750335063        2.1744849753552002E-002
   119.50000000000000        0.0000000000000000        0.0000000000000000        0.0000000000000000      -0.74063327744110885      -0.40571046030213476       -3.5880826661469807E-002
   120.00000000000000        0.0000000000000000        0.0000000000000000        0.0000000000000000        6.1471762208579299E-002 -0.35099162057361294       -8.4626864600769625E-002
   120.50000000000000        0.0000000000000000        0.0000000000000000        0.0000000000000000       0.84856730856735219      -0.21026402314020265      -0.11256130776879657     
   121.00000000000000        0.0000000000000000        0.0000000000000000        0.0000000000000000        1.4279437226180443       -1.7984851255275318E-002 -0.11284752290205642     
   121.50000000000000        0.0000000000000000        0.0000000000000000        0.0000000000000000        1.6577482884690857       0.17876715168746313       -8.5418048404783439E-002
   122.00000000000000        0.0000000000000000        0.0000000000000000        0.0000000000000000        1.4817157044643483       0.33181819861503997       -3.6991113607660948E-002
   122.50000000000000        0.0000000000000000        0.0000000000000000        0.0000000000000000       0.94294379035278753       0.40369408017411368        2.0574215839036541E-002
   123.00000000000000        0.0000000000000000        0.0000000000000000        0.0000000000000000       0.17334163695729049       0.37679515639586458        7.3181548661834045E-002
   123.50000000000000        0.0000000000000000        0.0000000000000000        0.0000000000000000      -0.63866634068841333       0.25770536067675293       0.10794845406610835     
   124.00000000000000        0.0000000000000000        0.0000000000000000        0.0000000000000000       -1.2942732725829982        7.5580221617392959E-002  0.11636052803634567     
   124.50000000000000        0.0000000000000000        0.0000000000000000        0.0000000000000000       -1.6329646900509427      -0.12499142880835931        9.6356014400585180E-002
   125.00000000000000        0.0000000000000000        0.0000000000000000        0.0000000000000000       -1.5718180666712809      -0.29490435795867459        5.2830592717016137E-002
   125.50000000000000        0.0000000000000000        0.0000000000000000        0.0000000000000000       -1.1258051456036957      -0.39255960758219971       -3.5612566987078373E-003
   126.00000000000000        0.0000000000000000        0.0000000000000000        0.0000000000000000      -0.40412633551484778      -0.39404937107125410       -5.9014842961921804E-002
   126.50000000000000        0.0000000000000000        0.0000000000000000        0.0000000000000000       0.41652535717470246      -0.29901045974946711       -9.9955136168879008E-002
   127.00000000000000        0.0000000000000000        0.0000000000000000        0.0000000000000000        1.1352249378833703      -0.13071322550111888      -0.11636040987715175     
   127.50000000000000        0.0000000000000000        0.0000000000000000        0.0000000000000000        1.5760088693057048        6.9635831617550006E-002 -0.10421591092273089     
   128.00000000000000        0.0000000000000000        0.0000000000000000        0.0000000000000000        1.6309570815687715       0.25298285042362412       -6.6496812629340138E-002
   128.50000000000000        0.0000000000000000        0.0000000000000000        0.0000000000000000        1.2866155684832097       0.37443670338081564       -1.2439790184059486E-002
   129.00000000000000        0.0000000000000000        0.0000000000000000        0.0000000000000000       0.62729039680582910       0.40425990903247100        4.4718438066613908E-002
   129.50000000000000        0.0000000000000000        0.0000000000000000        0.0000000000000000      -0.18559335983692371       0.33514940340813221        9.0981919437069805E-002
   130.00000000000000        0.0000000000000000        0.0000000000000000        0.0000000000000000      -0.95301410950732868       0.18402458363650043       0.11502216281158030     
   130.50000000000000        0.0000000000000000        0.0000000000000000        0.0000000000000000       -1.4870811694030865       -1.2115151672867686E-002  0.11095174697200041     
   131.00000000000000        0.0000000000000000        0.0000000000000000        0.0000000000000000       -1.6570369585254945      -0.20524914669222585        7.9765765291351598E-002
   131.50000000000000        0.0000000000000000        0.0000000000000000        0.0000000000000000       -1.4212710144219078      -0.34809262075337177        2.9098190858964684E-002
   132.00000000000000        0.0000000000000000        0.0000000000000000        0.0000000000000000      -0.83750768617658333      -0.40567363279098106       -2.8647187649547604E-002
   132.50000000000000        0.0000000000000000        0.0000000000000000        0.0000000000000000       -4.8673201098028390E-002 -0.36389543319596485       -7.9333647273691743E-002
   133.00000000000000        0.0000000000000000        0.0000000000000000        0.0000000000000000       0.75209765991843802      -0.23298784072356366      -0.11055269478443822     
   133.50000000000000        0.0000000000000000        0.0000000000000000        0.0000000000000000        1.3687476920463337       -4.5002627018948041E-002 -0.11466209975305325     
   134.00000000000000        0.0000000000000000        0.0000000000000000        0.0000000000000000        1.6502989075002874       0.15403387401919780       -9.0656980223088379E-002
   134.50000000000000        0.0000000000000000        0.0000000000000000        0.0000000000000000        1.5278172119987221       0.31538961712119801       -4.4415833957628936E-002
   135.00000000000000        0.0000000000000000        0.0000000000000000        0.0000000000000000        1.0312898747302954       0.39955814906327997        1.2738721767195590E-002
   135.50000000000000        0.0000000000000000        0.0000000000000000        0.0000000000000000       0.28228359855354757       0.38593116542287742        6.6812120726995466E-002
   136.00000000000000        0.0000000000000000        0.0000000000000000        0.0000000000000000      -0.53581924909676981       0.27784414143570202       0.10456420463419826     
   136.50000000000000        0.0000000000000000        0.0000000000000000        0.0000000000000000       -1.2227190358752094       0.10175969054753251       0.11675087467869241     
   137.00000000000000        0.0000000000000000        0.0000000000000000        0.0000000000000000       -1.6102392006388226       -9.9211407032080076E-002  0.10038736836947737     
   137.50000000000000        0.0000000000000000        0.0000000000000000        0.0000000000000000       -1.6035017413863812      -0.27586522760277898        5.9479032571109113E-002
   138.00000000000000        0.0000000000000000        0.0000000000000000        0.0000000000000000       -1.2041566595311193      -0.38495154125716263        4.0406740082082207E-003
   138.50000000000000        0.0000000000000000        0.0000000000000000        0.0000000000000000      -0.50997798239418679      -0.39976297726076826       -5.2355415564913681E-002
   139.00000000000000        0.0000000000000000        0.0000000000000000        0.0000000000000000       0.30907472829803467      -0.31667392053381643       -9.5902430576185818E-002
   139.50000000000000        0.0000000000000000        0.0000000000000000        0.0000000000000000        1.0524684043084871      -0.15602818932459389      -0.11593943998465678     
   140.00000000000000        0.0000000000000000        0.0000000000000000        0.0000000000000000        1.5381939594767482        4.2841840378233548E-002 -0.10756155580406879     
   140.50000000000000        0.0000000000000000        0.0000000000000000        0.0000000000000000        1.6473284614578372       0.23124517163584299       -7.2820821514446216E-002
   141.00000000000000        0.0000000000000000        0.0000000000000000        0.0000000000000000        1.3531516128104806       0.36305344016943364       -2.0223800996772137E-002
   141.50000000000000        0.0000000000000000        0.0000000000000000        0.0000000000000000       0.72768781139136052       0.40599474613780839        3.7351124257598782E-002
   142.00000000000000        0.0000000000000000        0.0000000000000000        0.0000000000000000       -7.5927934491785240E-002  0.34955494017654043        8.5806831382216647E-002
   142.50000000000000        0.0000000000000000        0.0000000000000000        0.0000000000000000      -0.86094279718775679       0.20755185330885403       0.11327892278510797     
   143.00000000000000        0.0000000000000000        0.0000000000000000        0.0000000000000000       -1.4351580842005043        1.4752209466146880E-002  0.11304054380211698     
   143.50000000000000        0.0000000000000000        0.0000000000000000        0.0000000000000000       -1.6579861815621129      -0.18164048157803875        8.5149350682836772E-002
   144.00000000000000        0.0000000000000000        0.0000000000000000        0.0000000000000000       -1.4748713051744315      -0.33354299018117500        3.6433393705589998E-002
   144.50000000000000        0.0000000000000000        0.0000000000000000        0.0000000000000000      -0.93064665972548877      -0.40376481889548288       -2.1180628273295792E-002
   145.00000000000000        0.0000000000000000        0.0000000000000000        0.0000000000000000      -0.15855770683099324      -0.37511373377885043       -7.3587440245954552E-002
   145.50000000000000        0.0000000000000000        0.0000000000000000        0.0000000000000000       0.65236097081298305      -0.25460502332193097      -0.10795665488462422     
   146.00000000000000        0.0000000000000000        0.0000000000000000        0.0000000000000000        1.3035679278388534       -7.1743911603435503E-002 -0.11587409938922145     
   146.50000000000000        0.0000000000000000        0.0000000000000000        0.0000000000000000        1.6356247261689996       0.12869834916346898       -9.5401898981447672E-002
   147.00000000000000        0.0000000000000000        0.0000000000000000        0.0000000000000000        1.5672320250346248       0.29764604220605234       -5.1552936758620632E-002
   147.50000000000000        0.0000000000000000        0.0000000000000000        0.0000000000000000        1.1151344947839235       0.39373443282680703        4.9364744118910696E-003
   148.00000000000000        0.0000000000000000        0.0000000000000000        0.0000000000000000       0.39002113737098792       0.39343729770822111        6.0235215232376682E-002
   148.50000000000000        0.0000000000000000        0.0000000000000000        0.0000000000000000      -0.43057524194910318       0.29682696450344886       0.10080369987819589     
   149.00000000000000        0.0000000000000000        0.0000000000000000        0.0000000000000000       -1.1457442572261916       0.12755660313234146       0.11670883835338518     
   149.50000000000000        0.0000000000000000        0.0000000000000000        0.0000000000000000       -1.5803878114906917       -7.2930895509146970E-002  0.10405600290004238     
   150.00000000000000        0.0000000000000000        0.0000000000000000        0.0000000000000000       -1.6280902178458798      -0.25554958496214292        6.5942568266280616E-002
   150.50000000000000        0.0000000000000000        0.0000000000000000        0.0000000000000000       -1.2771724711858627      -0.37558841517046121        1.1699565918891451E-002
   151.00000000000000        0.0000000000000000        0.0000000000000000        0.0000000000000000      -0.61355167614833717      -0.40365805721702858       -4.5392878302683251E-002
   151.50000000000000        0.0000000000000000        0.0000000000000000        0.0000000000000000       0.20029445638656865      -0.33288643635207898       -9.1356982552229501E-002
   152.00000000000000        0.0000000000000000        0.0000000000000000        0.0000000000000000       0.96510781935529888      -0.18060125587511322      -0.11493955785299775     
   152.50000000000000        0.0000000000000000        0.0000000000000000        0.0000000000000000        1.4936352433217939        1.5912428655477436E-002 -0.11036718160463584     
   153.00000000000000        0.0000000000000000        0.0000000000000000        0.0000000000000000        1.6564746028752753       0.20854089109160104       -7.8759733156618078E-002
   153.50000000000000        0.0000000000000000        0.0000000000000000        0.0000000000000000        1.4137569698297092       0.35012165259668787       -2.7856208641341577E-002
   154.00000000000000        0.0000000000000000        0.0000000000000000        0.0000000000000000       0.82490791716786149       0.40599050103747691        2.9880054841397122E-002
   154.50000000000000        0.0000000000000000        0.0000000000000000        0.0000000000000000        3.4098066086925713E-002  0.36246849880263171        8.0312838485983737E-002
   155.00000000000000        0.0000000000000000        0.0000000000000000        0.0000000000000000      -0.76505491034126472       0.23021106353920698       0.11109408083773369     
   155.50000000000000        0.0000000000000000        0.0000000000000000        0.0000000000000000       -1.3768906463309287        4.1599150039174360E-002  0.11468711357546982     
   156.00000000000000        0.0000000000000000        0.0000000000000000        0.0000000000000000       -1.6516105649566954      -0.15718873706432426        9.0211900461043118E-002
   156.50000000000000        0.0000000000000000        0.0000000000000000        0.0000000000000000       -1.5219537943251458      -0.31748265200103221        4.3660500605725475E-002
   157.00000000000000        0.0000000000000000        0.0000000000000000        0.0000000000000000       -1.0196649749475626      -0.40003730824307387       -1.3569996868944827E-002
   157.50000000000000        0.0000000000000000        0.0000000000000000        0.0000000000000000      -0.26772206473429655      -0.38464069359866415       -6.7467878015401869E-002
   158.00000000000000        0.0000000000000000        0.0000000000000000        0.0000000000000000       0.54977295398698700      -0.27506267593312372      -0.10483736058173766     
   158.50000000000000        0.0000000000000000        0.0000000000000000        0.0000000000000000        1.2326686604088373       -9.8132008248229333E-002 -0.11652938198972414     
   159.00000000000000        0.0000000000000000        0.0000000000000000        0.0000000000000000        1.6137682434685703       0.10283228553276581       -9.9681609194714915E-002
   159.50000000000000        0.0000000000000000        0.0000000000000000        0.0000000000000000        1.5997651122784422       0.27862691822600366       -5.8419237890873735E-002
   160.00000000000000        0.0000000000000000        0.0000000000000000        0.0000000000000000        1.1940876036487165       0.38621101992077922       -2.8450009752823951E-003
   160.50000000000000        0.0000000000000000        0.0000000000000000        0.0000000000000000       0.49605960556485368       0.39924404384867818        5.3434332576186266E-002
   161.00000000000000        0.0000000000000000        0.0000000000000000        0.0000000000000000      -0.32341739473420500       0.31453485070884840        9.6639369079469767E-002
   161.50000000000000        0.0000000000000000        0.0000000000000000        0.0000000000000000       -1.0637069553280887       0.15282301068673837       0.11619176606863445     
   162.00000000000000        0.0000000000000000        0.0000000000000000        0.0000000000000000       -1.5435604781329861       -4.6298966816900829E-002  0.10730417924989212     
   162.50000000000000        0.0000000000000000        0.0000000000000000        0.0000000000000000       -1.6454931870709615      -0.23407926049113215        7.2152371141224761E-002
   163.00000000000000        0.0000000000000000        0.0000000000000000        0.0000000000000000       -1.3445484987684861      -0.36454288341285129        1.9342508323735581E-002
   163.50000000000000        0.0000000000000000        0.0000000000000000        0.0000000000000000      -0.71440826464476603      -0.40574796343643998       -3.8195928483924585E-002
   164.00000000000000        0.0000000000000000        0.0000000000000000        0.0000000000000000        9.0647115975425588E-002 -0.34760622765930299       -8.6375732427117921E-002
   164.50000000000000        0.0000000000000000        0.0000000000000000        0.0000000000000000       0.87351191825130281      -0.20435296361732813      -0.11340101024641192     
   165.00000000000000        0.0000000000000000        0.0000000000000000        0.0000000000000000        1.4425134474897914       -1.1061724566844559E-002 -0.11265522852290458     
   165.50000000000000        0.0000000000000000        0.0000000000000000        0.0000000000000000        1.6583401995478768       0.18494289944591555       -8.4321171992851149E-002
   166.00000000000000        0.0000000000000000        0.0000000000000000        0.0000000000000000        1.4681501756302031       0.33567199159545341       -3.5336191638303871E-002
   166.50000000000000        0.0000000000000000        0.0000000000000000        0.0000000000000000       0.91850844645033769       0.40422166865637615        2.2306300617897259E-002
   167.00000000000000        0.0000000000000000        0.0000000000000000        0.0000000000000000       0.14398639883563621       0.37380843855725032        7.4493237276528332E-002
   167.50000000000000        0.0000000000000000        0.0000000000000000        0.0000000000000000      -0.66578603317805019       0.25187838446052913       0.10844726624171605     
   168.00000000000000        0.0000000000000000        0.0000000000000000        0.0000000000000000       -1.3125483898402599        6.8284103792873169E-002  0.11585509208975177     
   168.50000000000000        0.0000000000000000        0.0000000000000000        0.0000000000000000       -1.6379507608728945      -0.13202424886739011        9.4902860579530804E-002
   169.00000000000000        0.0000000000000000        0.0000000000000000        0.0000000000000000       -1.5623233662153879      -0.30000432743583072        5.0720253289816664E-002
   169.50000000000000        0.0000000000000000        0.0000000000000000        0.0000000000000000       -1.1041824968253100      -0.39452887116502439       -5.8754374723389352E-003
   170.00000000000000        0.0000000000000000        0.0000000000000000        0.0000000000000000      -0.37569708093300197      -0.39245509254568994       -6.1027759227803569E-002
   170.50000000000000        0.0000000000000000        0.0000000000000000        0.0000000000000000       0.44477418155980886      -0.29429083892557062      -0.10123364228221499     
   171.00000000000000        0.0000000000000000        0.0000000000000000        0.0000000000000000        1.1563512492372223      -0.12407025386755437      -0.11664942224868023     
   171.50000000000000        0.0000000000000000        0.0000000000000000        0.0000000000000000        1.5848151791899290        7.6530619316884679E-002 -0.10350091252131081     
   172.00000000000000        0.0000000000000000        0.0000000000000000        0.0000000000000000        1.6252630002848287       0.25839758637832178       -6.5007456903963950E-002
   172.50000000000000        0.0000000000000000        0.0000000000000000        0.0000000000000000        1.2677916190663459       0.37700316970698672       -1.0593722083316394E-002
   173.00000000000000        0.0000000000000000        0.0000000000000000        0.0000000000000000       0.59992244236721803       0.40330848771234140        4.6417789361337801E-002
   173.50000000000000        0.0000000000000000        0.0000000000000000        0.0000000000000000      -0.21482691554807543       0.33087298571609419        9.2068552119843494E-002
   174.00000000000000        0.0000000000000000        0.0000000000000000        0.0000000000000000      -0.97697744787815777       0.17743130827543196       0.11518155186269022     
   174.50000000000000        0.0000000000000000        0.0000000000000000        0.0000000000000000       -1.4999281732686764       -1.9448760403677257E-002  0.11009780805894319     
   175.00000000000000        0.0000000000000000        0.0000000000000000        0.0000000000000000       -1.6556425640286241      -0.21156420034173709        7.8061889675110283E-002
   175.50000000000000        0.0000000000000000        0.0000000000000000        0.0000000000000000       -1.4059963535818585      -0.35187853629282728        2.6917201190225677E-002
   176.00000000000000        0.0000000000000000        0.0000000000000000        0.0000000000000000      -0.81211168659671917      -0.40603800741400398       -3.0814356462155329E-002
   176.50000000000000        0.0000000000000000        0.0000000000000000        0.0000000000000000       -1.9392286302181896E-002 -0.36078256612153425       -8.0998184049567004E-002
   177.00000000000000        0.0000000000000000        0.0000000000000000        0.0000000000000000       0.77807644805162335      -0.22719240027018248      -0.11134762698198698     
   177.50000000000000        0.0000000000000000        0.0000000000000000        0.0000000000000000        1.3850463158568238       -3.7975116799702058E-002 -0.11443217695282544     
   178.00000000000000        0.0000000000000000        0.0000000000000000        0.0000000000000000        1.6529098841388170       0.16054222109529012       -8.9496719603210803E-002
   178.50000000000000        0.0000000000000000        0.0000000000000000        0.0000000000000000        1.5160847699781002       0.31975557468371596       -4.2646412932947395E-002
   179.00000000000000        0.0000000000000000        0.0000000000000000        0.0000000000000000        1.0080704950798081       0.40068389344194894        1.4648068224646298E-002
   179.50000000000000        0.0000000000000000        0.0000000000000000        0.0000000000000000       0.25324663448992724       0.38351303567292755        6.8358953379969015E-002
   180.00000000000000        0.0000000000000000        0.0000000000000000        0.0000000000000000      -0.56357964129801086       0.27244696137698876       0.10533586376507177     
   180.50000000000000        0.0000000000000000        0.0000000000000000        0.0000000000000000       -1.2424208070869054        9.4678456168323460E-002  0.11652548362017852     
   181.00000000000000        0.0000000000000000        0.0000000000000000        0.0000000000000000       -1.6170729039839447      -0.10626861108048696        9.9188127567827286E-002
   181.50000000000000        0.0000000000000000        0.0000000000000000        0.0000000000000000       -1.5958080651332061      -0.28119544934040203        5.7568511075891289E-002
   182.00000000000000        0.0000000000000000        0.0000000000000000        0.0000000000000000       -1.1838326966722359      -0.38727392539000560        1.8564960061352913E-003
   182.50000000000000        0.0000000000000000        0.0000000000000000        0.0000000000000000      -0.48201276795801740      -0.39853238456229167       -5.4307743016770917E-002
   183.00000000000000        0.0000000000000000        0.0000000000000000        0.0000000000000000       0.33782169552790364      -0.31221441764960151       -9.7173309132607577E-002
   183.50000000000000        0.0000000000000000        0.0000000000000000        0.0000000000000000        1.0749465951723700      -0.14945372605867735      -0.11624528243599497     
   184.00000000000000        0.0000000000000000        0.0000000000000000        0.0000000000000000        1.5488880190429890        4.9900145310826489E-002 -0.10685424245032442     
   184.50000000000000        0.0000000000000000        0.0000000000000000        0.0000000000000000        1.6436085497518620       0.23703836641411949       -7.1299505168433988E-002
   185.00000000000000        0.0000000000000000        0.0000000000000000        0.0000000000000000        1.3359172711542435       0.36614292587989394       -1.8286170360735394E-002
   185.50000000000000        0.0000000000000000        0.0000000000000000        0.0000000000000000       0.70114771340865367       0.40560447811051009        3.9206190396527452E-002
   186.00000000000000        0.0000000000000000        0.0000000000000000        0.0000000000000000      -0.10528642257755008       0.34576141345748906        8.7101385470055775E-002
   186.50000000000000        0.0000000000000000        0.0000000000000000        0.0000000000000000      -0.88594195939483822       0.20126535718380822       0.11367294575570847     
   187.00000000000000        0.0000000000000000        0.0000000000000000        0.0000000000000000       -1.4496872190544925        7.4939405673337045E-003  0.11241517324160123     
   187.50000000000000        0.0000000000000000        0.0000000000000000        0.0000000000000000       -1.6584977237315066      -0.18811087711178345        8.3635962728483892E-002
   188.00000000000000        0.0000000000000000        0.0000000000000000        0.0000000000000000       -1.4612494017284390      -0.33765825483571393        3.4381418398606083E-002
   188.50000000000000        0.0000000000000000        0.0000000000000000        0.0000000000000000      -0.90623554326102451      -0.40453381801716531       -2.3289278273938022E-002
   189.00000000000000        0.0000000000000000        0.0000000000000000        0.0000000000000000      -0.12934291874515177      -0.37236413440384480       -7.5256376769792646E-002
   189.50000000000000        0.0000000000000000        0.0000000000000000        0.0000000000000000       0.67921804179913936      -0.24902550137075999      -0.10879656493680047     
   190.00000000000000        0.0000000000000000        0.0000000000000000        0.0000000000000000        1.3214833958191645       -6.4715553659888056E-002 -0.11569807958645809     
   190.50000000000000        0.0000000000000000        0.0000000000000000        0.0000000000000000        1.6402041655828246       0.13544017075239809       -9.4271232557110160E-002
   191.00000000000000        0.0000000000000000        0.0000000000000000        0.0000000000000000        1.5573463721602283       0.30243653612943466       -4.9762105344099375E-002
   191.50000000000000        0.0000000000000000        0.0000000000000000        0.0000000000000000        1.0931964749793686       0.39538697528669092        6.9318745766594296E-003
   192.00000000000000        0.0000000000000000        0.0000000000000000        0.0000000000000000       0.36139453902710411       0.39153394717852569        6.1930004019817360E-002
   192.50000000000000        0.0000000000000000        0.0000000000000000        0.0000000000000000      -0.45888881641101331       0.29182077661509864       0.10176678430183160     
   193.00000000000000        0.0000000000000000        0.0000000000000000        0.0000000000000000       -1.1668196341607573       0.12066069542200916       0.11668874491042414     
   193.50000000000000        0.0000000000000000        0.0000000000000000        0.0000000000000000       -1.5890717762192703       -8.0040368178270593E-002  0.10304243321720054     
   194.00000000000000        0.0000000000000000        0.0000000000000000        0.0000000000000000       -1.6222632073127963      -0.26114382234125810        6.4168907067697706E-002
   194.50000000000000        0.0000000000000000        0.0000000000000000        0.0000000000000000       -1.2582675227200484      -0.37830925267720228        9.5857272662690438E-003
   195.00000000000000        0.0000000000000000        0.0000000000000000        0.0000000000000000      -0.58620357557967195      -0.40285050214388857       -4.7343273275510807E-002
   195.50000000000000        0.0000000000000000        0.0000000000000000        0.0000000000000000       0.22938392647373113      -0.32875904277874823       -9.2679921944835708E-002
   196.00000000000000        0.0000000000000000        0.0000000000000000        0.0000000000000000       0.98881070442320962      -0.17417507292161893      -0.11532425722245983     
   196.50000000000000        0.0000000000000000        0.0000000000000000        0.0000000000000000        1.5061425835932336        2.3053835978263743E-002 -0.10973218641488171     
   197.00000000000000        0.0000000000000000        0.0000000000000000        0.0000000000000000        1.6547186642793923       0.21463914481176852       -7.7272872929479486E-002
   197.50000000000000        0.0000000000000000        0.0000000000000000        0.0000000000000000        1.3981623274377757       0.35367406528461881       -2.5893517347131516E-002
   198.00000000000000        0.0000000000000000        0.0000000000000000        0.0000000000000000       0.79928749969463808       0.40611797760303259        3.1826394423063412E-002
   198.50000000000000        0.0000000000000000        0.0000000000000000        0.0000000000000000        4.7196133851132929E-003  0.35913076138771954        8.1754987994751435E-002
   199.00000000000000        0.0000000000000000        0.0000000000000000        0.0000000000000000      -0.79100341303373178       0.22421650493851999       0.11166797619667887     
   199.50000000000000        0.0000000000000000        0.0000000000000000        0.0000000000000000       -1.3930608421785560        3.4406903180991120E-002  0.11424159088605686     
   200.00000000000000        0.0000000000000000        0.0000000000000000        0.0000000000000000       -1.6540480288719077      -0.16382605328996930        8.8845696792857295E-002
