   0.0000000000000000        5.0000000000000000        0.0000000000000000        0.0000000000000000        4.0730120858915226        2.6155057771478170       0.30266802969440892     
  0.50000000000000000        10.000000000000000        0.0000000000000000        0.0000000000000000       -3.5852411809570048        5.6892700531092482       0.98666207281922891     
   1.0000000000000000        15.000000000000000        0.0000000000000000        0.0000000000000000       -12.692929502590605        9.0076280599937721        2.0269752928765348     
   1.5000000000000000        20.000000000000000        0.0000000000000000        0.0000000000000000       -23.093367732604491        12.412454564639502        3.3839214203695596     
   2.0000000000000000        25.000000000000000        0.0000000000000000        0.0000000000000000       -34.680961341600188        15.784085362329211        5.0089629126735025     
   2.5000000000000000        30.000000000000000        0.0000000000000000        0.0000000000000000       -47.343184353991298        19.034852206998142        6.8493050619147997     
   3.0000000000000000        35.000000000000000        0.0000000000000000        0.0000000000000000       -60.925122618795811        22.108140442982688        8.8520694469557206     
   3.5000000000000000        40.000000000000000        0.0000000000000000        0.0000000000000000       -75.219746179051995        24.978675410624462        10.968199122438476     
   4.0000000000000000        45.000000000000000        0.0000000000000000        0.0000000000000000       -89.982305449276168        27.650912445268467        13.155816121441889     
   4.5000000000000000        50.000000000000000        0.0000000000000000        0.0000000000000000       -104.96242997099614        30.153872354602765        15.382567037319582     
   5.0000000000000000        55.000000000000000        0.0000000000000000        0.0000000000000000       -119.94395445734956        32.532316903319732        17.626540151432877     
   5.5000000000000000        60.000000000000000        0.0000000000000000        0.0000000000000000       -134.78116562085290        34.835517756001089        19.875565651568735     
   6.0000000000000000        65.000000000000000        0.0000000000000000        0.0000000000000000       -149.42144455142878        37.105774192391131        22.125035822768023     
   6.5000000000000000        70.000000000000000        0.0000000000000000        0.0000000000000000       -163.90790428750657        39.369106583923205        24.374706743446097     
   7.0000000000000000        75.000000000000000        0.0000000000000000        0.0000000000000000       -178.36073480225102        41.630160316546160        26.625175317199869     
   7.5000000000000000        80.000000000000000        0.0000000000000000        0.0000000000000000       -192.94133851431741        43.872417041212522        28.874800496606451     
   8.0000000000000000        85.000000000000000        0.0000000000000000        0.0000000000000000       -207.80766949703835        46.063571781563624        31.117731688905653     
   8.5000000000000000        90.000000000000000        0.0000000000000000        0.0000000000000000       -223.07142993526642        48.164709195533689        33.343443115895951     
   9.0000000000000000        95.000000000000000        0.0000000000000000        0.0000000000000000       -238.76738760977506        50.141007286300017        35.537812891225030     
   9.5000000000000000        100.00000000000000        0.0000000000000000        0.0000000000000000       -254.84215949615313        51.971338505562414        37.685416615378358     
   10.000000000000000        105.00000000000000        0.0000000000000000        0.0000000000000000       -271.16507772512063        53.654417499259146        39.772416941574996     
   10.500000000000000        110.00000000000000        0.0000000000000000        0.0000000000000000       -287.55837597983913        55.209995531304337        41.789293014083121     
   11.000000000000000        115.00000000000000        0.0000000000000000        0.0000000000000000       -303.83922587744246        56.674817056506569        43.732700403520674     
   11.500000000000000        120.00000000000000        0.0000000000000000        0.0000000000000000       -319.86326843034794        58.094337397049330        45.605971659041749     
   12.000000000000000        125.00000000000000        0.0000000000000000        0.0000000000000000       -335.55893271948423        59.512238409964937        47.418106141438564     
   12.500000000000000        130.00000000000000        0.0000000000000000        0.0000000000000000       -350.94409974361309        60.960317711834293        49.181472567218449     
   13.000000000000000        135.00000000000000        0.0000000000000000        0.0000000000000000       -366.12099994687469        62.451234831306266        50.908767007605242     
   13.500000000000000        140.00000000000000        0.0000000000000000        0.0000000000000000       -381.25056840452407        63.975897329503091        52.609954858004237     
   14.000000000000000        145.00000000000000        0.0000000000000000        0.0000000000000000       -396.51251613285484        65.506133029080075        54.289932127390344     
   14.500000000000000        150.00000000000000        0.0000000000000000        0.0000000000000000       -412.06087715503350        67.001999435043544        55.947467702517187     
   15.000000000000000        155.00000000000000        0.0000000000000000        0.0000000000000000       -427.98590181447480        68.421945319973247        57.575676619759072     
   15.500000000000000        160.00000000000000        0.0000000000000000        0.0000000000000000       -444.29161557553391        69.733340455568737        59.163901189494382     
   16.000000000000000        165.00000000000000        0.0000000000000000        0.0000000000000000       -460.89452912119742        70.920798741363072        60.700533490699272     
   16.500000000000000        170.00000000000000        0.0000000000000000        0.0000000000000000       -477.64380861025120        71.990259720731288        62.176083394228066     
   17.000000000000000        175.00000000000000        0.0000000000000000        0.0000000000000000       -494.35796207065528        72.967831530341073        63.585737078738191     
   17.500000000000000        180.00000000000000        0.0000000000000000        0.0000000000000000       -510.86905523525269        73.893680541589177        64.930776501201478     
   18.000000000000000        185.00000000000000        0.0000000000000000        0.0000000000000000       -527.06362750788458        74.812465382638848        66.218509777398140     
   18.500000000000000        190.00000000000000        0.0000000000000000        0.0000000000000000       -542.91028735983912        75.762658824164888        67.460727511335648     
   19.000000000000000        195.00000000000000        0.0000000000000000        0.0000000000000000       -558.46722835393859        76.767373083364703        68.671061421203959     
   19.500000000000000        200.00000000000000        0.0000000000000000        0.0000000000000000       -573.86782357577908        77.828935829943845        69.861890699027356     
   20.000000000000000        205.00000000000000        0.0000000000000000        0.0000000000000000       -589.28782378834137        78.928545724319335        71.041552542886620     
   20.500000000000000        210.00000000000000        0.0000000000000000        0.0000000000000000       -604.90218897360307        80.031092546583238        72.212539048722462     
   21.000000000000000        215.00000000000000        0.0000000000000000        0.0000000000000000       -620.84212127476769        81.093962399203349        73.371121332062202     
   21.500000000000000        220.00000000000000        0.0000000000000000        0.0000000000000000       -637.16281823928330        82.077672695553005        74.508492458921538     
   22.000000000000000        225.00000000000000        0.0000000000000000        0.0000000000000000       -653.82984071921931        82.955733579831417        75.613149024528113     
   22.500000000000000        230.00000000000000        0.0000000000000000        0.0000000000000000       -670.72743239851684        83.721321761505394        76.673928048585125     
   23.000000000000000        235.00000000000000        0.0000000000000000        0.0000000000000000       -687.68675349902037        84.389133130497527        77.682955487304852     
   23.500000000000000        240.00000000000000        0.0000000000000000        0.0000000000000000       -704.52711561842591        84.991960881196263        78.637784362616557     
   24.000000000000000        245.00000000000000        0.0000000000000000        0.0000000000000000       -721.10012159362975        85.572837218759673        79.542198967626206     
   24.500000000000000        250.00000000000000        0.0000000000000000        0.0000000000000000       -737.32590308942088        86.174662882529304        80.405488237252300     
   25.000000000000000        255.00000000000000        0.0000000000000000        0.0000000000000000       -753.21258341241435        86.829863767493691        81.240366205464596     
   25.500000000000000        260.00000000000000        0.0000000000000000        0.0000000000000000       -768.85420013902296        87.552607270084422        82.060048735156059     
   26.000000000000000        265.00000000000000        0.0000000000000000        0.0000000000000000       -784.40759596709347        88.335484257774027        82.875202299490496     
   26.500000000000000        270.00000000000000        0.0000000000000000        0.0000000000000000       -800.05393553960675        89.151469207008645        83.691511934468011     
   27.000000000000000        275.00000000000000        0.0000000000000000        0.0000000000000000       -815.95427010888773        89.960678761918075        84.508463898911558     
   27.500000000000000        280.00000000000000        0.0000000000000000        0.0000000000000000       -832.21002922407331        90.720274134810722        85.319641183703524     
   28.000000000000000        285.00000000000000        0.0000000000000000        0.0000000000000000       -848.83811233246752        91.395083038085687        86.114459619948462     
   28.500000000000000        290.00000000000000        0.0000000000000000        0.0000000000000000       -865.76667862982276        91.966340662721478        86.880919631163692     
   29.000000000000000        295.00000000000000        0.0000000000000000        0.0000000000000000       -882.85266585184820        92.436409734382792        87.608700012343959     
   29.500000000000000        300.00000000000000        0.0000000000000000        0.0000000000000000       -899.91674870542363        92.828324133909732        88.291836380291713     
   30.000000000000000        305.00000000000000        0.0000000000000000        0.0000000000000000       -916.78717781341470        93.180267935289564        88.930328627283259     
   30.500000000000000        310.00000000000000        0.0000000000000000        0.0000000000000000       -933.34176579386872        93.536341695567330        89.530283927453056     
   31.000000000000000        315.00000000000000        0.0000000000000000        0.0000000000000000       -949.53774074590820        93.935876836757728        90.102560392437837     
   31.500000000000000        320.00000000000000        0.0000000000000000        0.0000000000000000       -965.42215790127693        94.403914433327571        90.660243565104835     
   32.000000000000000        325.00000000000000        0.0000000000000000        0.0000000000000000       -981.12032024364123        94.945179627851957        91.215573700703459     
   32.500000000000000        330.00000000000000        0.0000000000000000        0.0000000000000000       -996.80504307293324        95.543027042171545        91.777076249469559     
   33.000000000000000        335.00000000000000        0.0000000000000000        0.0000000000000000       -1012.6542875654716        96.163615474970797        92.347598201996902     
   33.500000000000000        340.00000000000000        0.0000000000000000        0.0000000000000000       -1028.8075360588282        96.764289861877572        92.923731169825814     
   34.000000000000000        345.00000000000000        0.0000000000000000        0.0000000000000000       -1045.3315898625372        97.304118386643410        93.496762550376417     
   34.500000000000000        350.00000000000000        0.0000000000000000        0.0000000000000000       -1062.2041634350082        97.754004973036331        94.054921994759169     
   35.000000000000000        355.00000000000000        0.0000000000000000        0.0000000000000000       -1079.3192915979043        98.103901346051046        94.586373259374852     
   35.500000000000000        360.00000000000000        0.0000000000000000        0.0000000000000000       -1096.5132258687545        98.365352975119094        95.082219023941335     
   36.000000000000000        365.00000000000000        0.0000000000000000        0.0000000000000000       -1113.6044795435371        98.568755638027326        95.538783081616785     
   36.500000000000000        370.00000000000000        0.0000000000000000        0.0000000000000000       -1130.4382170550919        98.755994366484600        95.958611229074492     
   37.000000000000000        375.00000000000000        0.0000000000000000        0.0000000000000000       -1146.9241195044422        98.970267086093884        96.349945889012702     
   37.500000000000000        380.00000000000000        0.0000000000000000        0.0000000000000000       -1163.0584555238797        99.245584546369926        96.724803178829703     
   38.000000000000000        385.00000000000000        0.0000000000000000        0.0000000000000000       -1178.9249537175901        99.598517389894525        97.096123306863390     
   38.500000000000000        390.00000000000000        0.0000000000000000        0.0000000000000000       -1194.6742630399599        100.02421102970712        97.474692057113316     
   39.000000000000000        395.00000000000000        0.0000000000000000        0.0000000000000000       -1210.4870298924841        100.49764409383522        97.866587166715703     
   39.500000000000000        400.00000000000000        0.0000000000000000        0.0000000000000000       -1226.5296319199697        100.97982238592866        98.271774886264268     
   40.000000000000000        405.00000000000000        0.0000000000000000        0.0000000000000000       -1242.9134063839003        101.42739192272003        98.684200406116375     
   40.500000000000000        410.00000000000000        0.0000000000000000        0.0000000000000000       -1259.6673553974642        101.80331749807196        99.093350079300393     
   41.000000000000000        415.00000000000000        0.0000000000000000        0.0000000000000000       -1276.7310107019582        102.08601234364615        99.486903022519797     
   41.500000000000000        420.00000000000000        0.0000000000000000        0.0000000000000000       -1293.9692049063881        102.27468368019258        99.853822957066711     
   42.000000000000000        425.00000000000000        0.0000000000000000        0.0000000000000000       -1311.2051326467752        102.38958543385543        100.18713336349100     
   42.500000000000000        430.00000000000000        0.0000000000000000        0.0000000000000000       -1328.2636071123109        102.46711629400818        100.48569655787558     
   43.000000000000000        435.00000000000000        0.0000000000000000        0.0000000000000000       -1345.0139212049532        102.55096332783960        100.75456117051415     
   43.500000000000000        440.00000000000000        0.0000000000000000        0.0000000000000000       -1361.4018193993820        102.68145955111872        101.00379301107159     
   44.000000000000000        445.00000000000000        0.0000000000000000        0.0000000000000000       -1377.4627524513353        102.88576113901100        101.24607562250122     
   44.500000000000000        450.00000000000000        0.0000000000000000        0.0000000000000000       -1393.3131697146036        103.17124928301453        101.49366804745108     
   45.000000000000000        455.00000000000000        0.0000000000000000        0.0000000000000000       -1409.1219809870456        103.52377219295758        101.75546470609513     
   45.500000000000000        460.00000000000000        0.0000000000000000        0.0000000000000000       -1425.0691749976043        103.91115770542648        102.03487728233461     
   46.000000000000000        465.00000000000000        0.0000000000000000        0.0000000000000000       -1441.3017261491930        104.29113653050129        102.32905725748832     
   46.500000000000000        470.00000000000000        0.0000000000000000        0.0000000000000000       -1457.8975850625238        104.62173628940978        102.62964949186197     
   47.000000000000000        475.00000000000000        0.0000000000000000        0.0000000000000000       -1474.8465692701852        104.87160155877299        102.92489239924427     
   47.500000000000000        480.00000000000000        0.0000000000000000        0.0000000000000000       -1492.0528326647043        105.02771325216808        103.20255056507996     
   48.000000000000000        485.00000000000000        0.0000000000000000        0.0000000000000000       -1509.3583090733741        105.09861740157773        103.45296184648053     
   48.500000000000000        490.00000000000000        0.0000000000000000        0.0000000000000000       -1526.5813901354772        105.11237285576712        103.67145296178022     
   49.000000000000000        495.00000000000000        0.0000000000000000        0.0000000000000000       -1543.5613677695671        105.10972040492999        103.85953219185923     
   49.500000000000000        500.00000000000000        0.0000000000000000        0.0000000000000000       -1560.1977601463236        105.13414580146163        104.02456721991243     
   50.000000000000000        505.00000000000000        0.0000000000000000        0.0000000000000000       -1576.4748927793166        105.22126962831247        104.17802702608516     
   50.500000000000000        510.00000000000000        0.0000000000000000        0.0000000000000000       -1592.4657164079099        105.39016177663055        104.33271832168332     
   51.000000000000000        515.00000000000000        0.0000000000000000        0.0000000000000000       -1608.3139269044711        105.63870708201721        104.49969317831371     
   51.500000000000000        520.00000000000000        0.0000000000000000        0.0000000000000000       -1624.1987648597321        105.94415680292126        104.68558500916201     
   52.000000000000000        525.00000000000000        0.0000000000000000        0.0000000000000000       -1640.2911131194803        106.26873094882401        104.89102518300680     
   52.500000000000000        530.00000000000000        0.0000000000000000        0.0000000000000000       -1656.7116411112281        106.56889984085285        105.11052797395098     
   53.000000000000000        535.00000000000000        0.0000000000000000        0.0000000000000000       -1673.5012436743871        106.80607248223789        105.33387204905254     
   53.500000000000000        540.00000000000000        0.0000000000000000        0.0000000000000000       -1690.6110119846624        106.95607487912969        105.54864029038917     
   54.000000000000000        545.00000000000000        0.0000000000000000        0.0000000000000000       -1707.9141920259362        107.01509771388794        105.74329614647444     
   54.500000000000000        550.00000000000000        0.0000000000000000        0.0000000000000000       -1725.2372027448537        107.00065719786329        105.91004334592556     
   55.000000000000000        555.00000000000000        0.0000000000000000        0.0000000000000000       -1742.4021195486612        106.94733387755828        106.04676884586394     
   55.500000000000000        560.00000000000000        0.0000000000000000        0.0000000000000000       -1759.2702216913465        106.89833270649441        106.15759334277186     
   56.000000000000000        565.00000000000000        0.0000000000000000        0.0000000000000000       -1775.7759416165366        106.89493079432977        106.25189458995877     
   56.500000000000000        570.00000000000000        0.0000000000000000        0.0000000000000000       -1791.9429042617112        106.96639641439234        106.34204267517565     
   57.000000000000000        575.00000000000000        0.0000000000000000        0.0000000000000000       -1807.8781293307411        107.12284746966093        106.44040176819811     
   57.500000000000000        580.00000000000000        0.0000000000000000        0.0000000000000000       -1823.7458160090566        107.35279793466005        106.55633244116025     
   58.000000000000000        585.00000000000000        0.0000000000000000        0.0000000000000000       -1839.7271285262166        107.62599301013087        106.69392852344150     
   58.500000000000000        590.00000000000000        0.0000000000000000        0.0000000000000000       -1855.9758284517625        107.90083886541734        106.85104261250339     
   59.000000000000000        595.00000000000000        0.0000000000000000        0.0000000000000000       -1872.5806164751064        108.13460792762518        107.01983885344524     
   59.500000000000000        600.00000000000000        0.0000000000000000        0.0000000000000000       -1889.5434037048055        108.29392112540866        107.18873767071244     
   60.000000000000000        605.00000000000000        0.0000000000000000        0.0000000000000000       -1906.7788324209780        108.36294068655303        107.34527633629079     
   60.500000000000000        610.00000000000000        0.0000000000000000        0.0000000000000000       -1924.1351636076581        108.34726762427860        107.47918502935850     
   61.000000000000000        615.00000000000000        0.0000000000000000        0.0000000000000000       -1941.4314172592647        108.27258968869249        107.58492528191424     
   61.500000000000000        620.00000000000000        0.0000000000000000        0.0000000000000000       -1958.5016722096757        108.17841082853919        107.66306933095035     
   62.000000000000000        625.00000000000000        0.0000000000000000        0.0000000000000000       -1975.2356793318459        108.10839742574245        107.72018268364951     
   62.500000000000000        630.00000000000000        0.0000000000000000        0.0000000000000000       -1991.6058445716196        108.09970489678297        107.76723866716014     
   63.000000000000000        635.00000000000000        0.0000000000000000        0.0000000000000000       -2007.6739754196067        108.17389789626688        107.81695315531994     
   63.500000000000000        640.00000000000000        0.0000000000000000        0.0000000000000000       -2023.5761390413579        108.33168718820831        107.88069204249580     
   64.000000000000000        645.00000000000000        0.0000000000000000        0.0000000000000000       -2039.4893393157522        108.55277179675876        107.96570864058749     
   64.500000000000000        650.00000000000000        0.0000000000000000        0.0000000000000000       -2055.5881713970884        108.80082509724301        108.07338739803191     
   65.000000000000000        655.00000000000000        0.0000000000000000        0.0000000000000000       -2072.0020662683391        109.03240409197326        108.19892395642437     
   65.500000000000000        660.00000000000000        0.0000000000000000        0.0000000000000000       -2088.7835933028291        109.20760058246564        108.33251989434666     
   66.000000000000000        665.00000000000000        0.0000000000000000        0.0000000000000000       -2105.8955814656838        109.29982647231668        108.46179965926706     
   66.500000000000000        670.00000000000000        0.0000000000000000        0.0000000000000000       -2123.2202123272591        109.30233742964360        108.57485795365552     
   67.000000000000000        675.00000000000000        0.0000000000000000        0.0000000000000000       -2140.5878585950950        109.22989770096956        108.66319148383462     
   67.500000000000000        680.00000000000000        0.0000000000000000        0.0000000000000000       -2157.8186074795362        109.11517848367380        108.72379729169138     
   68.000000000000000        685.00000000000000        0.0000000000000000        0.0000000000000000       -2174.7663025186844        109.00077167232985        108.75992393853956     
   68.500000000000000        690.00000000000000        0.0000000000000000        0.0000000000000000       -2191.3543208818282        108.92877430331832        108.78029163879260     
   69.000000000000000        695.00000000000000        0.0000000000000000        0.0000000000000000       -2207.5943266137933        108.93049379957444        108.79697229519709     
   69.500000000000000        700.00000000000000        0.0000000000000000        0.0000000000000000       -2223.5834083662130        109.01879454093547        108.82244848982910     
   70.000000000000000        705.00000000000000        0.0000000000000000        0.0000000000000000       -2239.4803023933596        109.18495959662974        108.86657150494817     
   70.500000000000000        710.00000000000000        0.0000000000000000        0.0000000000000000       -2255.4665222469971        109.40083598699502        108.93416316845496     
   71.000000000000000        715.00000000000000        0.0000000000000000        0.0000000000000000       -2271.7019119713500        109.62573824900797        109.02384868763055     
   71.500000000000000        720.00000000000000        0.0000000000000000        0.0000000000000000       -2288.2855049210930        109.81642008120838        109.12840624563144     
   72.000000000000000        725.00000000000000        0.0000000000000000        0.0000000000000000       -2305.2312713238575        109.93767267049839        109.23654777846195     
   72.500000000000000        730.00000000000000        0.0000000000000000        0.0000000000000000       -2322.4646924249751        109.97095486945928        109.33569494692932     
   73.000000000000000        735.00000000000000        0.0000000000000000        0.0000000000000000       -2339.8409999786304        109.91894226421401        109.41507065933477     
   73.500000000000000        740.00000000000000        0.0000000000000000        0.0000000000000000       -2357.1806154173228        109.80488137054773        109.46834924252509     
   74.000000000000000        745.00000000000000        0.0000000000000000        0.0000000000000000       -2374.3131119505661        109.66690708154394        109.49521641690944     
   74.500000000000000        750.00000000000000        0.0000000000000000        0.0000000000000000       -2391.1189361335437        109.54871466145478        109.50145714877135     
   75.000000000000000        755.00000000000000        0.0000000000000000        0.0000000000000000       -2407.5586740064705        109.48887011452456        109.49754987990872     
   75.500000000000000        760.00000000000000        0.0000000000000000        0.0000000000000000       -2423.6826964290103        109.51137613056824        109.49611132528710     
   76.000000000000000        765.00000000000000        0.0000000000000000        0.0000000000000000       -2439.6188220915742        109.61980339991813        109.50881745016825     
   76.500000000000000        770.00000000000000        0.0000000000000000        0.0000000000000000       -2455.5410187247880        109.79642416337917        109.54355448745459     
   77.000000000000000        775.00000000000000        0.0000000000000000        0.0000000000000000       -2471.6268055389396        110.00656014104754        109.60249753387629     
   77.500000000000000        780.00000000000000        0.0000000000000000        0.0000000000000000       -2488.0137862582787        110.20708032185036        109.68158715975635     
   78.000000000000000        785.00000000000000        0.0000000000000000        0.0000000000000000       -2504.7659549758469        110.35696806484194        109.77153218437498     
   78.500000000000000        790.00000000000000        0.0000000000000000        0.0000000000000000       -2521.8580243273123        110.42737032342346        109.86009311016331     
   79.000000000000000        795.00000000000000        0.0000000000000000        0.0000000000000000       -2539.1816129901404        110.40866859784597        109.93508715879041     
   79.500000000000000        800.00000000000000        0.0000000000000000        0.0000000000000000       -2556.5717775893081        110.31284040597335        109.98737917868455     
   80.000000000000000        805.00000000000000        0.0000000000000000        0.0000000000000000       -2573.8473930706118        110.17053310749446        110.01312615248791     
   80.500000000000000        810.00000000000000        0.0000000000000000        0.0000000000000000       -2590.8554950148518        110.02356651690108        110.01472577751106     
   81.000000000000000        815.00000000000000        0.0000000000000000        0.0000000000000000       -2607.5087273449640        109.91469993232883        110.00023688018462     
   81.500000000000000        820.00000000000000        0.0000000000000000        0.0000000000000000       -2623.8067269185149        109.87716897360860        109.98141357365012     
   82.000000000000000        825.00000000000000        0.0000000000000000        0.0000000000000000       -2639.8362093087453        109.92655398146350        109.97083447147487     
   82.500000000000000        830.00000000000000        0.0000000000000000        0.0000000000000000       -2655.7497347692893        110.05697088215663        109.97882983211854     
   83.000000000000000        835.00000000000000        0.0000000000000000        0.0000000000000000       -2671.7283532123656        110.24251713146332        110.01095898220468     
   83.500000000000000        840.00000000000000        0.0000000000000000        0.0000000000000000       -2687.9372740100557        110.44361872500926        110.06665563903911     
   84.000000000000000        845.00000000000000        0.0000000000000000        0.0000000000000000       -2704.4854141949259        110.61672430990892        110.13937281018487     
   84.500000000000000        850.00000000000000        0.0000000000000000        0.0000000000000000       -2721.3987290689079        110.72497294537666        110.21819179898222     
   85.000000000000000        855.00000000000000        0.0000000000000000        0.0000000000000000       -2738.6138548151926        110.74722367663479        110.29050138054912     
   85.500000000000000        860.00000000000000        0.0000000000000000        0.0000000000000000       -2755.9936196212188        110.68323617156059        110.34509119759069     
   86.000000000000000        865.00000000000000        0.0000000000000000        0.0000000000000000       -2773.3606256466974        110.55373402347526        110.37490200974486     
   86.500000000000000        870.00000000000000        0.0000000000000000        0.0000000000000000       -2790.5406797975634        110.39533522516587        110.37875944427151     
   87.000000000000000        875.00000000000000        0.0000000000000000        0.0000000000000000       -2807.4054399356337        110.25159101461746        110.36166677007813     
   87.500000000000000        880.00000000000000        0.0000000000000000        0.0000000000000000       -2823.9038352425068        110.16232709915569        110.33358501828423     
   88.000000000000000        885.00000000000000        0.0000000000000000        0.0000000000000000       -2840.0745679348547        110.15389690156782        110.30699912272014     
   88.500000000000000        890.00000000000000        0.0000000000000000        0.0000000000000000       -2856.0366354733051        110.23273317688142        110.29386597828919     
   89.000000000000000        895.00000000000000        0.0000000000000000        0.0000000000000000       -2871.9601937568978        110.38377679221017        110.30269164306300     
   89.500000000000000        900.00000000000000        0.0000000000000000        0.0000000000000000       -2888.0248950075120        110.57416736236441        110.33645329097148     
   90.000000000000000        905.00000000000000        0.0000000000000000        0.0000000000000000       -2904.3759006814503        110.76129214802815        110.39187469742612     
   90.500000000000000        910.00000000000000        0.0000000000000000        0.0000000000000000       -2921.0883389798428        110.90322256853648        110.46023264803505     
   91.000000000000000        915.00000000000000        0.0000000000000000        0.0000000000000000       -2938.1489089972879        110.96898310987751        110.52949683709413     
   91.500000000000000        920.00000000000000        0.0000000000000000        0.0000000000000000       -2955.4591354531335        110.94613844394996        110.58727933762819     
   92.000000000000000        925.00000000000000        0.0000000000000000        0.0000000000000000       -2972.8594771321355        110.84384117044266        110.62387151330373     
   92.500000000000000        930.00000000000000        0.0000000000000000        0.0000000000000000       -2990.1683864459087        110.69059399051970        110.63462483361519     
   93.000000000000000        935.00000000000000        0.0000000000000000        0.0000000000000000       -3007.2267569708383        110.52727421285256        110.62109268901079     
   93.500000000000000        940.00000000000000        0.0000000000000000        0.0000000000000000       -3023.9368766535913        110.39712843873789        110.59065365295625     
   94.000000000000000        945.00000000000000        0.0000000000000000        0.0000000000000000       -3040.2863495796150        110.33518707879585        110.55470843259486     
   94.500000000000000        950.00000000000000        0.0000000000000000        0.0000000000000000       -3056.3511294200675        110.35969039913547        110.52589196034947     
   95.000000000000000        955.00000000000000        0.0000000000000000        0.0000000000000000       -3072.2769218622834        110.46762530223641        110.51498320657136     
   95.500000000000000        960.00000000000000        0.0000000000000000        0.0000000000000000       -3088.2435093561580        110.63546559650405        110.52826930168771     
   96.000000000000000        965.00000000000000        0.0000000000000000        0.0000000000000000       -3104.4207327215390        110.82493451288495        110.56600932540832     
   96.500000000000000        970.00000000000000        0.0000000000000000        0.0000000000000000       -3120.9269068531466        110.99237860562840        110.62237388362473     
   97.000000000000000        975.00000000000000        0.0000000000000000        0.0000000000000000       -3137.7998518076188        111.09945798142856        110.68687526926207     
   97.500000000000000        980.00000000000000        0.0000000000000000        0.0000000000000000       -3154.9876318717775        111.12253551802549        110.74693805633109     
   98.000000000000000        985.00000000000000        0.0000000000000000        0.0000000000000000       -3172.3612700101180        111.05846626604122        110.79098075853518     
   98.500000000000000        990.00000000000000        0.0000000000000000        0.0000000000000000       -3189.7463247502842        110.92536958846107        110.81125405728933     
   99.000000000000000        995.00000000000000        0.0000000000000000        0.0000000000000000       -3206.9655983826706        110.75819499292564        110.80574070423806     
   99.500000000000000        1000.0000000000000        0.0000000000000000        0.0000000000000000       -3223.8825200163919        110.60016729752010        110.77865193810119     
   100.00000000000000        1005.0000000000000        0.0000000000000000        0.0000000000000000       -3240.4345818055212        110.49220565357017        110.73939887785264     
   100.50000000000000        1010.0000000000000        0.0000000000000000        0.0000000000000000       -3256.6486419903517        110.46290701937323        110.70029073315617     
   101.00000000000000        1015.0000000000000        0.0000000000000000        0.0000000000000000       -3272.6343480345563        110.52154648146850        110.67352339246027     
   101.50000000000000        1020.0000000000000        0.0000000000000000        0.0000000000000000       -3288.5572901027690        110.65580819051080        110.66819568939412     
   102.00000000000000        1025.0000000000000        0.0000000000000000        0.0000000000000000       -3304.5984578427215        110.83480245932408        110.68808387143544     
   102.50000000000000        1030.0000000000000        0.0000000000000000        0.0000000000000000       -3320.9099268648333        111.01663033380498        110.73071916040642     
   103.00000000000000        1035.0000000000000        0.0000000000000000        0.0000000000000000       -3337.5776244137282        111.15864356734954        110.78799425197393     
   103.50000000000000        1040.0000000000000        0.0000000000000000        0.0000000000000000       -3354.6002904931038        111.22788800064802        110.84815026368526     
   104.00000000000000        1045.0000000000000        0.0000000000000000        0.0000000000000000       -3371.8897854935776        111.20917344461991        110.89865765907440     
   104.50000000000000        1050.0000000000000        0.0000000000000000        0.0000000000000000       -3389.2926690047448        111.10879427903214        110.92928579880312     
   105.00000000000000        1055.0000000000000        0.0000000000000000        0.0000000000000000       -3406.6277665649518        110.95298983579303        110.93460958727712     
   105.50000000000000        1060.0000000000000        0.0000000000000000        0.0000000000000000       -3423.7305266975573        110.78152152004354        110.91533950179033     
   106.00000000000000        1065.0000000000000        0.0000000000000000        0.0000000000000000       -3440.4933080835185        110.63793921502916        110.87814936819814     
   106.50000000000000        1070.0000000000000        0.0000000000000000        0.0000000000000000       -3456.8917331647340        110.55892009549676        110.83404405111976     
   107.00000000000000        1075.0000000000000        0.0000000000000000        0.0000000000000000       -3472.9906558962930        110.56529008106878        110.79566670647192     
   107.50000000000000        1080.0000000000000        0.0000000000000000        0.0000000000000000       -3488.9282825331234        110.65692619206499        110.77420487622072     
   108.00000000000000        1085.0000000000000        0.0000000000000000        0.0000000000000000       -3504.8823332356747        110.81278788993906        110.77665292261396     
   108.50000000000000        1090.0000000000000        0.0000000000000000        0.0000000000000000       -3521.0265293131342        110.99606973015177        110.80410105478433     
   109.00000000000000        1095.0000000000000        0.0000000000000000        0.0000000000000000       -3537.4880595440300        111.16321377937689        110.85146985496021     
   109.50000000000000        1100.0000000000000        0.0000000000000000        0.0000000000000000       -3554.3164393017960        111.27457524398268        110.90875530276651     
   110.00000000000000        1105.0000000000000        0.0000000000000000        0.0000000000000000       -3571.4713868569047        111.30412999292614        110.96347947344891     
   110.50000000000000        1110.0000000000000        0.0000000000000000        0.0000000000000000       -3588.8326851591132        111.24584723583119        111.00374689479486     
   111.00000000000000        1115.0000000000000        0.0000000000000000        0.0000000000000000       -3606.2296145910782        111.11516710331321        111.02115826111850     
   111.50000000000000        1120.0000000000000        0.0000000000000000        0.0000000000000000       -3623.4827505282647        110.94522136723899        111.01286812660973     
   112.00000000000000        1125.0000000000000        0.0000000000000000        0.0000000000000000       -3640.4478922042640        110.77872260126792        110.98228278402215     
   112.50000000000000        1130.0000000000000        0.0000000000000000        0.0000000000000000       -3657.0513675627540        110.65750759888394        110.93822746469797     
   113.00000000000000        1135.0000000000000        0.0000000000000000        0.0000000000000000       -3673.3080702365960        110.61229518568022        110.89278675941914     
   113.50000000000000        1140.0000000000000        0.0000000000000000        0.0000000000000000       -3689.3178125720815        110.65516607144494        110.85834700135906     
   114.00000000000000        1145.0000000000000        0.0000000000000000        0.0000000000000000       -3705.2408876047684        110.77660593729522        110.84456473989215     
   114.50000000000000        1150.0000000000000        0.0000000000000000        0.0000000000000000       -3721.2588232671105        110.94783571399856        110.85600352952568     
   115.00000000000000        1155.0000000000000        0.0000000000000000        0.0000000000000000       -3737.5299375662007        111.12785851879612        110.89101763134231     
   115.50000000000000        1160.0000000000000        0.0000000000000000        0.0000000000000000       -3754.1505763737937        111.27349791552420        110.94215593664497     
   116.00000000000000        1165.0000000000000        0.0000000000000000        0.0000000000000000       -3771.1315241691150        111.34996978253882        110.99798721905617     
   116.50000000000000        1170.0000000000000        0.0000000000000000        0.0000000000000000       -3788.3953632069502        111.33939942712874        111.04589983052298     
   117.00000000000000        1175.0000000000000        0.0000000000000000        0.0000000000000000       -3805.7954276784180        111.24519866040509        111.07519037880225     
   117.50000000000000        1180.0000000000000        0.0000000000000000        0.0000000000000000       -3823.1517122244709        111.09123117270123        111.07968517123264     
   118.00000000000000        1185.0000000000000        0.0000000000000000        0.0000000000000000       -3840.2949431453312        110.91597055529817        111.05925260468598     
   118.50000000000000        1190.0000000000000        0.0000000000000000        0.0000000000000000       -3857.1080221364282        110.76308128909064        111.01983621662352     
   119.00000000000000        1195.0000000000000        0.0000000000000000        0.0000000000000000       -3873.5546956785661        110.67072880323747        110.97200030591684     
   119.50000000000000        1200.0000000000000        0.0000000000000000        0.0000000000000000       -3889.6884308154154        110.66223587481788        110.92834420687048     
   120.00000000000000        1205.0000000000000        0.0000000000000000        0.0000000000000000       -3905.6393242181516        110.74037300926499        110.90041829301629     
   120.50000000000000        1210.0000000000000        0.0000000000000000        0.0000000000000000       -3921.5822496544893        110.88668071609797        110.89589678116009     
   121.00000000000000        1215.0000000000000        0.0000000000000000        0.0000000000000000       -3937.6940424723011        111.06598961099827        110.91669953248467     
   121.50000000000000        1220.0000000000000        0.0000000000000000        0.0000000000000000       -3954.1102038292106        111.23503166608950        110.95852269991751     
   122.00000000000000        1225.0000000000000        0.0000000000000000        0.0000000000000000       -3970.8917249824744        111.35303427450332        111.01189313625363     
   122.50000000000000        1230.0000000000000        0.0000000000000000        0.0000000000000000       -3988.0101542097791        111.39170333320891        111.06448840773061     
   123.00000000000000        1235.0000000000000        0.0000000000000000        0.0000000000000000       -4005.3545624993003        111.34215113770919        111.10415439338188     
   123.50000000000000        1240.0000000000000        0.0000000000000000        0.0000000000000000       -4022.7587025649182        111.21707289880050        111.12188165715061     
   124.00000000000000        1245.0000000000000        0.0000000000000000        0.0000000000000000       -4040.0417117122247        111.04763899461041        111.11401187359672     
   124.50000000000000        1250.0000000000000        0.0000000000000000        0.0000000000000000       -4057.0523930739282        110.87586384341479        111.08313409774746     
   125.00000000000000        1255.0000000000000        0.0000000000000000        0.0000000000000000       -4073.7062336236522        110.74431976371415        111.03745144147415     
   125.50000000000000        1260.0000000000000        0.0000000000000000        0.0000000000000000       -4090.0060956670768        110.68571422775450        110.98877321659198     
   126.00000000000000        1265.0000000000000        0.0000000000000000        0.0000000000000000       -4106.0415158115466        110.71488236071494        110.94962413855056     
   126.50000000000000        1270.0000000000000        0.0000000000000000        0.0000000000000000       -4121.9667830506260        110.82515520140002        110.93017835893009     
   127.00000000000000        1275.0000000000000        0.0000000000000000        0.0000000000000000       -4137.9631632128621        110.98999290123803        110.93576898296283     
   127.50000000000000        1280.0000000000000        0.0000000000000000        0.0000000000000000       -4154.1945185469704        111.16948299785666        110.96558282948139     
   128.00000000000000        1285.0000000000000        0.0000000000000000        0.0000000000000000       -4170.7671883166277        111.32011275956668        111.01286000200028     
   128.50000000000000        1290.0000000000000        0.0000000000000000        0.0000000000000000       -4187.7039530342936        111.40542299032846        111.06654940937733     
   129.00000000000000        1295.0000000000000        0.0000000000000000        0.0000000000000000       -4204.9384567974803        111.40493487249901        111.11401490725500     
   129.50000000000000        1300.0000000000000        0.0000000000000000        0.0000000000000000       -4222.3314533339026        111.31916424522781        111.14412950286096     
   130.00000000000000        1305.0000000000000        0.0000000000000000        0.0000000000000000       -4239.7048981568942        111.16949564857244        111.15000005429253     
   130.50000000000000        1310.0000000000000        0.0000000000000000        0.0000000000000000       -4256.8855398822698        110.99294697201601        111.13065536323515     
   131.00000000000000        1315.0000000000000        0.0000000000000000        0.0000000000000000       -4273.7473380318170        110.83310650430340        111.09128435749577     
   131.50000000000000        1320.0000000000000        0.0000000000000000        0.0000000000000000       -4290.2423219655921        110.72946131114988        111.04196604830199     
   132.00000000000000        1325.0000000000000        0.0000000000000000        0.0000000000000000       -4306.4123356000055        110.70772972641318        110.99520221344653     
   132.50000000000000        1330.0000000000000        0.0000000000000000        0.0000000000000000       -4322.3787923949531        110.77356490031386        110.96285689181683     
   133.00000000000000        1335.0000000000000        0.0000000000000000        0.0000000000000000       -4338.3129489463136        110.91117099594787        110.95325200810085     
   133.50000000000000        1340.0000000000000        0.0000000000000000        0.0000000000000000       -4354.3939752449769        111.08717083769039        110.96913022033922     
   134.00000000000000        1345.0000000000000        0.0000000000000000        0.0000000000000000       -4370.7650874652109        111.25877807651018        111.00698375658661     
   134.50000000000000        1350.0000000000000        0.0000000000000000        0.0000000000000000       -4387.4984835055711        111.38427304134154        111.05791356516208     
   135.00000000000000        1355.0000000000000        0.0000000000000000        0.0000000000000000       -4404.5776662847338        111.43321742296258        111.10980842882229     
   135.50000000000000        1360.0000000000000        0.0000000000000000        0.0000000000000000       -4421.9014826657985        111.39390687973503        111.15031051997899     
   136.00000000000000        1365.0000000000000        0.0000000000000000        0.0000000000000000       -4439.3088891394236        111.27623690761163        111.16984132587926     
   136.50000000000000        1370.0000000000000        0.0000000000000000        0.0000000000000000       -4456.6183807627067        111.10928030968800        111.16394709198687     
   137.00000000000000        1375.0000000000000        0.0000000000000000        0.0000000000000000       -4473.6724297743349        110.93416938543945        111.13438953747254     
   137.50000000000000        1380.0000000000000        0.0000000000000000        0.0000000000000000       -4490.3760537630560        110.79402552815421        111.08871479786210     
   138.00000000000000        1385.0000000000000        0.0000000000000000        0.0000000000000000       -4506.7200705566129        110.72340181651495        111.03840613294942     
   138.50000000000000        1390.0000000000000        0.0000000000000000        0.0000000000000000       -4522.7833462231856        110.73982342229519        110.99607268173096     
   139.00000000000000        1395.0000000000000        0.0000000000000000        0.0000000000000000       -4538.7134857960928        110.83949703758164        110.97236255541999     
   139.50000000000000        1400.0000000000000        0.0000000000000000        0.0000000000000000       -4554.6906943056756        110.99823980354883        110.97335605124429     
   140.00000000000000        1405.0000000000000        0.0000000000000000        0.0000000000000000       -4570.8836561980688        111.17740030679190        110.99907721941273     
   140.50000000000000        1410.0000000000000        0.0000000000000000        0.0000000000000000       -4587.4082353978010        111.33332197697443        111.04348820377000     
   141.00000000000000        1415.0000000000000        0.0000000000000000        0.0000000000000000       -4604.2991076792068        111.42803191615803        111.09596774194091     
   141.50000000000000        1420.0000000000000        0.0000000000000000        0.0000000000000000       -4621.5012707313954        111.43853816175952        111.14391183675490     
   142.00000000000000        1425.0000000000000        0.0000000000000000        0.0000000000000000       -4638.8835105488906        111.36245908905954        111.17581986406938     
   142.50000000000000        1430.0000000000000        0.0000000000000000        0.0000000000000000       -4656.2705271057666        111.21860667933986        111.18411053034481     
   143.00000000000000        1435.0000000000000        0.0000000000000000        0.0000000000000000       -4673.4858538277667        111.04238084940737        111.16697823552155     
   143.50000000000000        1440.0000000000000        0.0000000000000000        0.0000000000000000       -4690.3950626786691        110.87710247140149        111.12883533899287     
   144.00000000000000        1445.0000000000000        0.0000000000000000        0.0000000000000000       -4706.9386767488686        110.76340706203945        111.07923204670379     
   144.50000000000000        1450.0000000000000        0.0000000000000000        0.0000000000000000       -4723.1467321965438        110.72929593620880        111.03051836884424     
   145.00000000000000        1455.0000000000000        0.0000000000000000        0.0000000000000000       -4739.1314242702783        110.78328064960968        110.99482058259039     
   145.50000000000000        1460.0000000000000        0.0000000000000000        0.0000000000000000       -4755.0596379232111        110.91229921010553        110.98107246741534     
   146.00000000000000        1465.0000000000000        0.0000000000000000        0.0000000000000000       -4771.1120884823367        111.08491424203517        110.99282817025103     
   146.50000000000000        1470.0000000000000        0.0000000000000000        0.0000000000000000       -4787.4390761620634        111.25901008143708        111.02739218753049     
   147.00000000000000        1475.0000000000000        0.0000000000000000        0.0000000000000000       -4804.1236872601648        111.39210428493972        111.07647947498799     
   147.50000000000000        1480.0000000000000        0.0000000000000000        0.0000000000000000       -4821.1614516667023        111.45174893542318        111.12824406744949     
   148.00000000000000        1485.0000000000000        0.0000000000000000        0.0000000000000000       -4838.4614372371425        111.42347514217201        111.17017953186864     
   148.50000000000000        1490.0000000000000        0.0000000000000000        0.0000000000000000       -4855.8685130889062        111.31433564490895        111.19218112167468     
   149.00000000000000        1495.0000000000000        0.0000000000000000        0.0000000000000000       -4873.2013309898393        111.15117816878845        111.18901991037409     
   149.50000000000000        1500.0000000000000        0.0000000000000000        0.0000000000000000       -4890.2967256700131        110.97407227336200        111.16162315033155     
   150.00000000000000        1505.0000000000000        0.0000000000000000        0.0000000000000000       -4907.0496633119519        110.82649903222759        111.11684738036215     
   150.50000000000000        1510.0000000000000        0.0000000000000000        0.0000000000000000       -4923.4389574355791        110.74470545202247        111.06579983342175     
   151.00000000000000        1515.0000000000000        0.0000000000000000        0.0000000000000000       -4939.5324560323297        110.74883004035541        111.02111912244557     
   151.50000000000000        1520.0000000000000        0.0000000000000000        0.0000000000000000       -4955.4704299570376        110.83797229323989        110.99388098738670     
   152.00000000000000        1525.0000000000000        0.0000000000000000        0.0000000000000000       -4971.4312296785765        110.99041326354485        110.99088668459882     
   152.50000000000000        1530.0000000000000        0.0000000000000000        0.0000000000000000       -4987.5876188144030        111.16893320769425        111.01299791551257     
   153.00000000000000        1535.0000000000000        0.0000000000000000        0.0000000000000000       -5004.0644755226367        111.32992436532153        111.05492596223472     
   153.50000000000000        1540.0000000000000        0.0000000000000000        0.0000000000000000       -5020.9082179260604        111.43406774567612        111.10652665712340     
   154.00000000000000        1545.0000000000000        0.0000000000000000        0.0000000000000000       -5038.0754392905374        111.45595987117738        111.15528413271589     
   154.50000000000000        1550.0000000000000        0.0000000000000000        0.0000000000000000       -5055.4435354624820        111.39033251562054        111.18937524349155     
   155.00000000000000        1555.0000000000000        0.0000000000000000        0.0000000000000000       -5072.8407225980191        111.25334262827049        111.20056438223334     
   155.50000000000000        1560.0000000000000        0.0000000000000000        0.0000000000000000       -5090.0880957967820        111.07861662550503        111.18621993906646     
   156.00000000000000        1565.0000000000000        0.0000000000000000        0.0000000000000000       -5107.0434312199186        110.90901754543850        111.14995870375648     
   156.50000000000000        1570.0000000000000        0.0000000000000000        0.0000000000000000       -5123.6360074061276        110.78615075326779        111.10076043918905     
   157.00000000000000        1575.0000000000000        0.0000000000000000        0.0000000000000000       -5139.8839203130892        110.74017756673592        111.05076940940084     
   157.50000000000000        1580.0000000000000        0.0000000000000000        0.0000000000000000       -5155.8896527582338        110.78243078152073        111.01232112484868     
   158.00000000000000        1585.0000000000000        0.0000000000000000        0.0000000000000000       -5171.8149830142347        110.90264007353490        110.99492226144332     
   158.50000000000000        1590.0000000000000        0.0000000000000000        0.0000000000000000       -5187.8413758101124        111.07144659647801        111.00292317456797     
   159.00000000000000        1595.0000000000000        0.0000000000000000        0.0000000000000000       -5204.1255534022584        111.24759111351521        111.03445285789206     
   159.50000000000000        1600.0000000000000        0.0000000000000000        0.0000000000000000       -5220.7611244666832        111.38801575780562        111.08187710627371     
   160.00000000000000        1605.0000000000000        0.0000000000000000        0.0000000000000000       -5237.7556653978627        111.45840615864395        111.13366770855781     
   160.50000000000000        1610.0000000000000        0.0000000000000000        0.0000000000000000       -5255.0288653115331        111.44159285311687        111.17722502674512     
   161.00000000000000        1615.0000000000000        0.0000000000000000        0.0000000000000000       -5272.4321889193998        111.34175502473916        111.20196289577170     
   161.50000000000000        1620.0000000000000        0.0000000000000000        0.0000000000000000       -5289.7852431182573        111.18339734728920        111.20190055290210     
   162.00000000000000        1625.0000000000000        0.0000000000000000        0.0000000000000000       -5306.9199434841312        111.00535043820206        111.17712700208152     
   162.50000000000000        1630.0000000000000        0.0000000000000000        0.0000000000000000       -5323.7216671733013        110.85126381981615        111.13377928583778     
   163.00000000000000        1635.0000000000000        0.0000000000000000        0.0000000000000000       -5340.1573165647542        110.75891904317348        111.08253998458351     
   163.50000000000000        1640.0000000000000        0.0000000000000000        0.0000000000000000       -5356.2834226856130        110.75097949442626        111.03602180794330     
   164.00000000000000        1645.0000000000000        0.0000000000000000        0.0000000000000000       -5372.2323044183549        110.82944165389515        111.00567962141564     
   164.50000000000000        1650.0000000000000        0.0000000000000000        0.0000000000000000       -5388.1796721985911        110.97514633312018        110.99900595198925     
   165.00000000000000        1655.0000000000000        0.0000000000000000        0.0000000000000000       -5404.3016079480303        111.15246955615913        111.01769661079713     
   165.50000000000000        1660.0000000000000        0.0000000000000000        0.0000000000000000       -5420.7314540553807        111.31804459382840        111.05723555240552     
   166.00000000000000        1665.0000000000000        0.0000000000000000        0.0000000000000000       -5437.5271664862148        111.43137969275045        111.10800061170788     
   166.50000000000000        1670.0000000000000        0.0000000000000000        0.0000000000000000       -5454.6571251190635        111.46477190886374        111.15761939551234     
   167.00000000000000        1675.0000000000000        0.0000000000000000        0.0000000000000000       -5472.0078754323413        111.41008979323178        111.19399852444020     
   167.50000000000000        1680.0000000000000        0.0000000000000000        0.0000000000000000       -5489.4119061071133        111.28076429214221        111.20828456111182     
   168.00000000000000        1685.0000000000000        0.0000000000000000        0.0000000000000000       -5506.6886616197562        111.10850041975007        111.19703168617457     
   168.50000000000000        1690.0000000000000        0.0000000000000000        0.0000000000000000       -5523.6887485114485        110.93551480051762        111.16304539951977     
   169.00000000000000        1695.0000000000000        0.0000000000000000        0.0000000000000000       -5540.3305120979521        110.80419960181743        111.11469567924402     
   169.50000000000000        1700.0000000000000        0.0000000000000000        0.0000000000000000       -5556.6200283654580        110.74674348650974        111.06386776103231     
   170.00000000000000        1705.0000000000000        0.0000000000000000        0.0000000000000000       -5572.6496163391339        110.77725073831409        111.02305225867511     
   170.50000000000000        1710.0000000000000        0.0000000000000000        0.0000000000000000       -5588.5752351484252        110.88828807296773        111.00228706573726     
   171.00000000000000        1715.0000000000000        0.0000000000000000        0.0000000000000000       -5604.5782997758060        111.05270459625967        111.00669976753895     
   171.50000000000000        1720.0000000000000        0.0000000000000000        0.0000000000000000       -5620.8212643254019        111.23027931976783        111.03525226674005     
   172.00000000000000        1725.0000000000000        0.0000000000000000        0.0000000000000000       -5637.4078475763909        111.37756869063122        111.08099498199947     
   172.50000000000000        1730.0000000000000        0.0000000000000000        0.0000000000000000       -5654.3576389928876        111.45854311665006        111.13276838304334     
   173.00000000000000        1735.0000000000000        0.0000000000000000        0.0000000000000000       -5671.6013025247148        111.45340829443127        111.17793526704422     
   173.50000000000000        1740.0000000000000        0.0000000000000000        0.0000000000000000       -5688.9975524758984        111.36345157181805        111.20547481979158     
   174.00000000000000        1745.0000000000000        0.0000000000000000        0.0000000000000000       -5706.3677451562135        111.21072678608137        111.20868092759832     
   174.50000000000000        1750.0000000000000        0.0000000000000000        0.0000000000000000       -5723.5396170730410        111.03265474049745        111.18680409910928     
   175.00000000000000        1755.0000000000000        0.0000000000000000        0.0000000000000000       -5740.3894610287343        110.87286131098138        111.14523499731567     
   175.50000000000000        1760.0000000000000        0.0000000000000000        0.0000000000000000       -5756.8724139439055        110.77049633382656        111.09418464676365     
   176.00000000000000        1765.0000000000000        0.0000000000000000        0.0000000000000000       -5773.0334408911613        110.75064838336823        111.04618444728695     
   176.50000000000000        1770.0000000000000        0.0000000000000000        0.0000000000000000       -5788.9963260647246        110.81820223631443        111.01301807811629     
   177.00000000000000        1775.0000000000000        0.0000000000000000        0.0000000000000000       -5804.9333660805369        110.95664292972531        111.00283646926734     
   177.50000000000000        1780.0000000000000        0.0000000000000000        0.0000000000000000       -5821.0231857439339        111.13209922097369        111.01816219585315     
   178.00000000000000        1785.0000000000000        0.0000000000000000        0.0000000000000000       -5837.4070044561959        111.30163646968825        111.05527188921535     
   178.50000000000000        1790.0000000000000        0.0000000000000000        0.0000000000000000       -5854.1540607688958        111.42376855497119        111.10510787218999     
   179.00000000000000        1795.0000000000000        0.0000000000000000        0.0000000000000000       -5871.2446603609933        111.46861514395748        111.15549581842194     
   179.50000000000000        1800.0000000000000        0.0000000000000000        0.0000000000000000       -5888.5749978850945        111.42521745814103        111.19412547540445     
   180.00000000000000        1805.0000000000000        0.0000000000000000        0.0000000000000000       -5905.9825721267398        111.30422138274179        111.21156466630778     
   180.50000000000000        1810.0000000000000        0.0000000000000000        0.0000000000000000       -5923.2859719593280        111.13527100037875        111.20356863785149     
   181.00000000000000        1815.0000000000000        0.0000000000000000        0.0000000000000000       -5940.3292921053253        110.95975070292521        111.17211934533876     
   181.50000000000000        1820.0000000000000        0.0000000000000000        0.0000000000000000       -5957.0203041763452        110.82065286570584        111.12494022164844     
   182.00000000000000        1825.0000000000000        0.0000000000000000        0.0000000000000000       -5973.3530373902231        110.75205183078413        111.07360523167642     
   182.50000000000000        1830.0000000000000        0.0000000000000000        0.0000000000000000       -5989.4092404180137        110.77076133535314        111.03070518166525     
   183.00000000000000        1835.0000000000000        0.0000000000000000        0.0000000000000000       -6005.3383664497605        110.87221793772925        111.00676506974341     
   183.50000000000000        1840.0000000000000        0.0000000000000000        0.0000000000000000       -6021.3209818329888        111.03159832185064        111.00766721778966     
   184.00000000000000        1845.0000000000000        0.0000000000000000        0.0000000000000000       -6037.5245571253718        111.20989692518371        111.03321109182941     
   184.50000000000000        1850.0000000000000        0.0000000000000000        0.0000000000000000       -6054.0624644537202        111.36347587477377        111.07716241717328     
   185.00000000000000        1855.0000000000000        0.0000000000000000        0.0000000000000000       -6070.9662200558105        111.45474907404112        111.12877956321404     
   185.50000000000000        1860.0000000000000        0.0000000000000000        0.0000000000000000       -6088.1777679988991        111.46138460326644        111.17544348566365     
   186.00000000000000        1865.0000000000000        0.0000000000000000        0.0000000000000000       -6105.5636942897227        111.38177236519164        111.20574732466231     
   186.50000000000000        1870.0000000000000        0.0000000000000000        0.0000000000000000       -6122.9478912661261        111.23541830541502        111.21228921740264     
   187.00000000000000        1875.0000000000000        0.0000000000000000        0.0000000000000000       -6140.1546748880291        111.05816868868858        111.19348454734907     
   187.50000000000000        1880.0000000000000        0.0000000000000000        0.0000000000000000       -6157.0517983111222        110.89343369484916        111.15395392825216     
   188.00000000000000        1885.0000000000000        0.0000000000000000        0.0000000000000000       -6173.5828305203086        110.78155910419902        111.10339193095223     
   188.50000000000000        1890.0000000000000        0.0000000000000000        0.0000000000000000       -6189.7809726041605        110.74994825443737        111.05419352811721     
   189.00000000000000        1895.0000000000000        0.0000000000000000        0.0000000000000000       -6205.7609289645488        110.80635275860661        111.01841938603576     
   189.50000000000000        1900.0000000000000        0.0000000000000000        0.0000000000000000       -6221.6908236728232        110.93697465030246        111.00484300588499     
   190.00000000000000        1905.0000000000000        0.0000000000000000        0.0000000000000000       -6237.7510378279894        111.10984461719906        111.01680267728622     
   190.50000000000000        1910.0000000000000        0.0000000000000000        0.0000000000000000       -6254.0900459672048        111.28264921351213        111.05138416084499     
   191.00000000000000        1915.0000000000000        0.0000000000000000        0.0000000000000000       -6270.7880643155504        111.41309067681294        111.10013420750487     
   191.50000000000000        1920.0000000000000        0.0000000000000000        0.0000000000000000       -6287.8374110513423        111.46924290473423        111.15113022030262     
   192.00000000000000        1925.0000000000000        0.0000000000000000        0.0000000000000000       -6305.1443870789954        111.43736808730158        111.19189933315502     
   192.50000000000000        1930.0000000000000        0.0000000000000000        0.0000000000000000       -6322.5522168306334        111.32528021068759        111.21247221439347     
   193.00000000000000        1935.0000000000000        0.0000000000000000        0.0000000000000000       -6339.8794323881311        111.16043192937246        111.20782391744537     
   193.50000000000000        1940.0000000000000        0.0000000000000000        0.0000000000000000       -6356.9643031538053        110.98319320713483        111.17910417329695     
   194.00000000000000        1945.0000000000000        0.0000000000000000        0.0000000000000000       -6373.7044331368324        110.83696734998136        111.13335590624341     
   194.50000000000000        1950.0000000000000        0.0000000000000000        0.0000000000000000       -6390.0818310586665        110.75756437087661        111.08179089009646     
   195.00000000000000        1955.0000000000000        0.0000000000000000        0.0000000000000000       -6406.1673152413014        110.76443345721005        111.03704472435660     
   195.50000000000000        1960.0000000000000        0.0000000000000000        0.0000000000000000       -6422.1031748080977        110.85590113874989        111.01008320792727     
   196.00000000000000        1965.0000000000000        0.0000000000000000        0.0000000000000000       -6438.0683323399189        111.00958101864906        111.00751753798731     
   196.50000000000000        1970.0000000000000        0.0000000000000000        0.0000000000000000       -6454.2345373833550        111.18785475106966        111.02998566698152     
   197.00000000000000        1975.0000000000000        0.0000000000000000        0.0000000000000000       -6470.7243161680053        111.34708233095341        111.07199611799693     
   197.50000000000000        1980.0000000000000        0.0000000000000000        0.0000000000000000       -6487.5809729086031        111.44828669578833        111.12327249797568     
   198.00000000000000        1985.0000000000000        0.0000000000000000        0.0000000000000000       -6504.7579874194371        111.46669667622517        111.17126952504481     
   198.50000000000000        1990.0000000000000        0.0000000000000000        0.0000000000000000       -6522.1304048748480        111.39781184841790        111.20424455873041     
   199.00000000000000        1995.0000000000000        0.0000000000000000        0.0000000000000000       -6539.5254291051806        111.25850440071935        111.21413261534242     
   199.50000000000000        2000.0000000000000        0.0000000000000000        0.0000000000000000       -6556.7647291223702        111.08288823934301        111.19852096450111     
   200.00000000000000        2005.0000000000000        0.0000000000000000        0.0000000000000000       -6573.7081007621991        110.91396671999856        111.16123985671490     
